1	21	0.6	430	1
1	21	0.6	272	1
1	21	0.6	372	1
1	21	0.6	257	1
1	21	0.6	200	1
1	21	0.6	330	1
1	21	0.6	295	1
1	21	0.6	250	1
1	21	0.6	273	1
1	21	0.6	291	1
1	21	0.6	262	1
1	21	0.6	253	1
1	21	0.6	287	1
1	21	0.6	294	1
1	21	0.6	272	1
1	21	0.6	249	1
1	21	0.6	231	1
1	21	0.6	390	1
1	21	0.6	260	1
1	21	0.6	263	1
1	21	0.6	296	1
1	21	0.6	221	1
1	21	0.6	212	1
1	21	0.6	292	1
1	21	0.6	234	1
1	21	0.6	288	1
1	21	0.6	243	1
1	21	0.6	311	1
1	21	0.6	265	1
1	21	0.6	255	1
1	21	0.6	236	1
1	21	0.6	268	1
1	21	0.6	196	1
1	21	0.6	267	1
1	21	0.6	179	1
1	21	0.6	363	1
1	21	0.6	253	1
1	21	0.6	297	1
1	21	0.6	268	1
1	21	0.6	258	1
1	21	0.6	277	1
1	21	0.6	261	1
1	21	0.6	230	1
1	21	0.6	198	1
1	21	0.6	283	1
1	21	0.6	265	1
1	21	0.6	182	1
1	21	0.6	321	1
1	21	0.6	326	1
1	21	0.6	323	1
1	21	0.6	283	1
1	21	0.6	236	1
1	21	0.6	205	1
1	21	0.6	253	1
1	21	0.6	201	1
1	21	0.6	291	1
1	21	0.6	283	1
1	21	0.6	253	1
1	21	0.6	276	1
1	21	0.6	297	1
1	21	0.6	285	1
1	21	0.6	401	1
1	21	0.6	242	1
1	21	0.6	294	1
1	21	0.6	265	1
1	21	0.6	251	1
1	21	0.6	227	1
1	21	0.6	284	1
1	21	0.6	261	1
1	21	0.6	302	1
1	21	0.6	302	1
1	21	0.6	401	1
1	21	0.6	277	1
1	21	0.6	352	1
1	21	0.6	265	1
1	21	0.6	338	1
1	21	0.6	309	1
1	21	0.6	269	1
1	21	0.6	296	1
1	21	0.6	356	1
1	21	0.6	297	1
1	21	0.6	298	1
1	21	0.6	277	1
1	21	0.6	268	1
1	21	0.6	307	1
1	21	0.6	243	1
1	21	0.6	339	1
1	21	0.6	237	1
1	21	0.6	223	1
1	21	0.6	207	1
1	21	0.6	313	1
1	21	0.6	255	1
1	21	0.6	331	1
1	21	0.6	201	3
1	21	0.6	227	1
1	21	0.6	331	1
1	21	0.6	269	1
1	21	0.6	260	1
1	21	0.6	294	1
1	21	0.6	283	1
1	21	0.6	250	1
1	21	0.6	255	1
1	21	0.6	262	1
1	21	0.6	226	1
1	21	0.6	258	1
1	21	0.6	301	1
1	21	0.6	229	1
1	21	0.6	308	1
1	21	0.6	224	1
1	21	0.6	292	1
1	21	0.6	248	1
1	21	0.6	262	1
1	21	0.6	237	1
1	21	0.6	215	1
1	21	0.6	260	1
1	21	0.6	210	1
1	21	0.6	246	1
1	21	0.6	320	1
1	21	0.6	313	1
1	21	0.6	276	1
1	21	0.6	249	1
1	21	0.6	223	1
1	21	0.6	257	1
1	21	1	258	1
1	21	1	191	1
1	21	1	232	1
1	21	1	239	1
1	21	1	259	1
1	21	1	236	1
1	21	1	214	1
1	21	1	219	1
1	21	1	256	1
1	21	1	246	1
1	21	1	184	1
1	21	1	219	1
1	21	1	226	1
1	21	1	238	1
1	21	1	276	1
1	21	1	223	1
1	21	1	294	1
1	21	1	201	1
1	21	1	233	1
1	21	1	235	1
1	21	1	202	1
1	21	1	239	1
1	21	1	197	1
1	21	1	310	1
1	21	1	247	1
1	21	1	247	1
1	21	1	182	3
1	21	1	289	1
1	21	1	358	1
1	21	1	289	1
1	21	1	200	3
1	21	1	286	1
1	21	1	213	1
1	21	1	262	1
1	21	1	276	1
1	21	1	205	1
1	21	1	178	1
1	21	1	305	1
1	21	1	260	1
1	21	1	262	1
1	21	1	215	1
1	21	1	267	1
1	21	1	245	1
1	21	1	216	1
1	21	1	243	1
1	21	1	247	1
1	21	1	198	1
1	21	1	180	1
1	21	1	310	1
1	21	1	218	3
1	21	1	200	1
1	21	1	216	1
1	21	1	187	1
1	21	1	228	1
1	21	1	199	1
1	21	1	183	1
1	21	1	178	1
1	21	1	250	1
1	21	1	242	1
1	21	1	205	1
1	21	1	296	1
1	21	1	202	1
1	21	1	209	1
1	21	1	228	1
1	21	1	163	1
1	21	1	247	1
1	21	1	253	1
1	21	1	230	1
1	21	1	212	1
1	21	1	271	1
1	21	1	275	1
1	21	1	231	1
1	21	1	200	1
1	21	1	219	1
1	21	1	234	1
1	21	1	222	1
1	21	1	258	1
1	21	1	239	1
1	21	1	257	1
1	21	1	256	1
1	21	1	172	1
1	21	1	264	1
1	21	1	228	1
1	21	1	215	1
1	21	1	240	1
1	21	1	194	1
1	21	1	291	1
1	21	1	302	1
1	21	1	253	1
1	21	1	203	1
1	21	1	176	3
1	21	1	212	1
1	21	1	268	1
1	21	1	212	1
1	21	1	251	1
1	21	1	218	1
1	21	1	232	1
1	21	1	184	1
1	21	1	240	1
1	21	1	226	1
1	21	1	249	1
1	21	1	265	1
1	21	1	231	1
1	21	1	334	1
1	21	1	229	1
1	21	1	176	1
1	21	1	236	1
1	21	1	169	1
1	21	1	228	1
1	21	1	197	1
1	21	1	169	3
1	21	1	173	1
1	21	1	199	1
1	21	1	198	1
1	21	1	282	1
1	21	1	223	1
1	21	1	228	1
1	21	1	309	1
1	21	1	199	1
1	21	1	244	1
1	21	1	199	3
1	21	1	221	1
1	21	1	233	1
1	21	1	243	1
1	21	1	276	1
1	22	0.6	189	3
1	22	0.6	254	1
1	22	0.6	256	1
1	22	0.6	240	1
1	22	0.6	232	1
1	22	0.6	196	1
1	22	0.6	220	1
1	22	0.6	190	1
1	22	0.6	218	1
1	22	0.6	226	1
1	22	0.6	212	1
1	22	0.6	214	1
1	22	0.6	207	1
1	22	0.6	217	1
1	22	0.6	178	3
1	22	0.6	191	1
1	22	0.6	222	1
1	22	0.6	224	1
1	22	0.6	219	1
1	22	0.6	215	1
1	22	0.6	182	1
1	22	0.6	235	1
1	22	0.6	219	1
1	22	0.6	170	3
1	22	0.6	241	1
1	22	0.6	188	1
1	22	0.6	202	1
1	22	0.6	202	1
1	22	0.6	181	1
1	22	0.6	254	1
1	22	0.6	231	1
1	22	0.6	247	1
1	22	0.6	196	1
1	22	0.6	425	1
1	22	0.6	208	1
1	22	0.6	283	1
1	22	0.6	172	3
1	22	0.6	242	1
1	22	0.6	262	1
1	22	0.6	215	1
1	22	0.6	228	1
1	22	0.6	274	1
1	22	0.6	212	1
1	22	0.6	183	3
1	22	0.6	231	1
1	22	0.6	238	1
1	22	0.6	282	1
1	22	0.6	185	1
1	22	0.6	212	1
1	22	0.6	204	3
1	22	0.6	247	1
1	22	0.6	236	1
1	22	0.6	221	1
1	22	0.6	207	1
1	22	0.6	259	1
1	22	0.6	231	1
1	22	0.6	186	1
1	22	0.6	188	1
1	22	0.6	226	1
1	22	0.6	201	1
1	22	0.6	173	3
1	22	0.6	234	1
1	22	0.6	214	1
1	22	0.6	197	1
1	22	0.6	180	3
1	22	0.6	225	1
1	22	0.6	238	1
1	22	0.6	231	1
1	22	0.6	181	1
1	22	0.6	188	1
1	22	0.6	245	1
1	22	0.6	209	1
1	22	0.6	206	1
1	22	0.6	203	1
1	22	0.6	211	1
1	22	0.6	179	1
1	22	0.6	209	1
1	22	0.6	195	1
1	22	0.6	221	1
1	22	0.6	254	1
1	22	0.6	223	1
1	22	0.6	227	1
1	22	0.6	211	1
1	22	0.6	190	1
1	22	0.6	226	1
1	22	0.6	168	1
1	22	0.6	211	1
1	22	0.6	238	1
1	22	0.6	221	1
1	22	0.6	217	1
1	22	0.6	218	1
1	22	0.6	221	1
1	22	0.6	244	1
1	22	0.6	226	1
1	22	0.6	240	1
1	22	0.6	192	1
1	22	0.6	198	1
1	22	0.6	186	1
1	22	0.6	200	1
1	22	0.6	230	1
1	22	0.6	225	1
1	22	0.6	194	3
1	22	0.6	212	1
1	22	0.6	208	1
1	22	0.6	205	1
1	22	0.6	219	3
1	22	0.6	243	1
1	22	0.6	246	1
1	22	0.6	240	1
1	22	0.6	261	1
1	22	0.6	200	3
1	22	0.6	221	1
1	22	0.6	241	1
1	22	0.6	205	1
1	22	0.6	240	1
1	22	0.6	192	1
1	22	0.6	199	1
1	22	0.6	249	1
1	22	0.6	191	1
1	22	0.6	257	1
1	22	0.6	250	1
1	22	0.6	205	1
1	22	0.6	248	1
1	22	0.6	195	1
1	22	0.6	205	1
1	22	0.6	230	1
1	22	0.6	186	1
1	22	1	235	1
1	22	1	193	1
1	22	1	201	1
1	22	1	193	1
1	22	1	191	3
1	22	1	178	1
1	22	1	193	1
1	22	1	178	1
1	22	1	197	1
1	22	1	191	1
1	22	1	191	1
1	22	1	164	1
1	22	1	225	1
1	22	1	182	1
1	22	1	209	1
1	22	1	187	3
1	22	1	192	1
1	22	1	200	1
1	22	1	166	1
1	22	1	240	1
1	22	1	193	1
1	22	1	205	1
1	22	1	241	1
1	22	1	257	1
1	22	1	273	1
1	22	1	270	1
1	22	1	201	1
1	22	1	243	1
1	22	1	176	1
1	22	1	181	1
1	22	1	200	1
1	22	1	206	1
1	22	1	200	1
1	22	1	191	1
1	22	1	180	3
1	22	1	208	1
1	22	1	180	1
1	22	1	175	1
1	22	1	187	1
1	22	1	194	1
1	22	1	151	3
1	22	1	174	1
1	22	1	216	1
1	22	1	178	1
1	22	1	211	1
1	22	1	201	1
1	22	1	257	1
1	22	1	187	1
1	22	1	184	1
1	22	1	182	1
1	22	1	176	3
1	22	1	232	1
1	22	1	163	3
1	22	1	203	1
1	22	1	167	3
1	22	1	225	1
1	22	1	189	1
1	22	1	220	1
1	22	1	208	1
1	22	1	204	1
1	22	1	210	1
1	22	1	215	1
1	22	1	276	1
1	22	1	225	1
1	22	1	229	1
1	22	1	222	1
1	22	1	183	1
1	22	1	193	1
1	22	1	200	1
1	22	1	178	1
1	22	1	182	1
1	22	1	192	1
1	22	1	189	1
1	22	1	189	1
1	22	1	236	1
1	22	1	241	1
1	22	1	238	1
1	22	1	196	1
1	22	1	185	1
1	22	1	252	1
1	22	1	213	1
1	22	1	198	1
1	22	1	162	1
1	22	1	207	1
1	22	1	220	1
1	22	1	281	1
1	22	1	196	1
1	22	1	177	1
1	22	1	181	1
1	22	1	186	1
1	22	1	178	1
1	22	1	212	1
1	22	1	206	1
1	22	1	253	1
1	22	1	210	1
1	22	1	181	3
1	22	1	253	1
1	22	1	189	1
1	22	1	172	1
1	22	1	174	1
1	22	1	196	1
1	22	1	195	1
1	22	1	253	1
1	22	1	200	1
1	22	1	213	1
1	22	1	189	1
1	22	1	190	1
1	22	1	196	3
1	22	1	176	3
1	22	1	184	1
1	22	1	200	1
1	22	1	182	1
1	22	1	182	1
1	22	1	229	1
1	22	1	199	1
1	22	1	196	1
1	22	1	204	1
1	22	1	211	1
1	22	1	196	1
2	21	0.6	281	3
2	21	0.6	287	1
2	21	0.6	327	1
2	21	0.6	287	1
2	21	0.6	306	1
2	21	0.6	253	1
2	21	0.6	275	1
2	21	0.6	197	1
2	21	0.6	342	1
2	21	0.6	293	1
2	21	0.6	261	1
2	21	0.6	272	3
2	21	0.6	303	1
2	21	0.6	252	1
2	21	0.6	254	1
2	21	0.6	258	3
2	21	0.6	298	1
2	21	0.6	272	1
2	21	0.6	295	1
2	21	0.6	317	1
2	21	0.6	286	1
2	21	0.6	249	1
2	21	0.6	271	3
2	21	0.6	194	1
2	21	0.6	290	1
2	21	0.6	190	3
2	21	0.6	222	1
2	21	0.6	254	1
2	21	0.6	275	1
2	21	0.6	306	1
2	21	0.6	295	1
2	21	0.6	265	1
2	21	0.6	285	1
2	21	0.6	269	1
2	21	0.6	289	1
2	21	0.6	271	1
2	21	0.6	264	1
2	21	0.6	268	1
2	21	0.6	424	1
2	21	0.6	244	1
2	21	0.6	184	3
2	21	0.6	250	1
2	21	0.6	261	1
2	21	0.6	188	1
2	21	0.6	315	1
2	21	0.6	255	1
2	21	0.6	248	1
2	21	0.6	282	1
2	21	0.6	234	3
2	21	0.6	254	3
2	21	0.6	231	1
2	21	0.6	273	1
2	21	0.6	299	1
2	21	0.6	180	1
2	21	0.6	210	1
2	21	0.6	247	1
2	21	0.6	275	1
2	21	0.6	275	1
2	21	0.6	371	1
2	21	0.6	264	1
2	21	0.6	308	1
2	21	0.6	407	1
2	21	0.6	250	1
2	21	0.6	295	1
2	21	0.6	333	1
2	21	0.6	270	1
2	21	0.6	280	1
2	21	0.6	237	1
2	21	0.6	325	1
2	21	0.6	310	1
2	21	0.6	281	1
2	21	0.6	308	1
2	21	0.6	199	1
2	21	0.6	310	1
2	21	0.6	302	1
2	21	0.6	436	1
2	21	0.6	299	1
2	21	0.6	243	1
2	21	0.6	313	1
2	21	0.6	262	1
2	21	0.6	430	1
2	21	0.6	469	1
2	21	0.6	291	1
2	21	0.6	285	1
2	21	0.6	235	1
2	21	0.6	253	1
2	21	0.6	289	1
2	21	0.6	215	3
2	21	0.6	262	1
2	21	0.6	262	1
2	21	0.6	319	1
2	21	0.6	293	1
2	21	0.6	247	1
2	21	0.6	228	1
2	21	0.6	263	1
2	21	0.6	281	1
2	21	0.6	313	1
2	21	0.6	213	1
2	21	0.6	245	1
2	21	0.6	274	1
2	21	0.6	311	1
2	21	0.6	275	1
2	21	0.6	301	1
2	21	0.6	284	1
2	21	0.6	321	1
2	21	0.6	318	1
2	21	0.6	238	1
2	21	0.6	260	1
2	21	0.6	282	1
2	21	0.6	196	1
2	21	0.6	332	1
2	21	0.6	267	1
2	21	0.6	337	1
2	21	0.6	255	1
2	21	0.6	197	1
2	21	0.6	200	1
2	21	0.6	172	1
2	21	1	253	1
2	21	1	350	1
2	21	1	359	3
2	21	1	350	1
2	21	1	379	1
2	21	1	235	1
2	21	1	311	1
2	21	1	250	1
2	21	1	305	1
2	21	1	280	1
2	21	1	268	1
2	21	1	232	1
2	21	1	239	1
2	21	1	268	1
2	21	1	240	3
2	21	1	218	3
2	21	1	290	1
2	21	1	208	3
2	21	1	188	1
2	21	1	230	1
2	21	1	263	1
2	21	1	318	1
2	21	1	292	1
2	21	1	238	1
2	21	1	194	1
2	21	1	208	1
2	21	1	314	1
2	21	1	202	3
2	21	1	188	1
2	21	1	183	3
2	21	1	245	1
2	21	1	256	1
2	21	1	216	3
2	21	1	247	1
2	21	1	216	1
2	21	1	203	1
2	21	1	284	1
2	21	1	349	1
2	21	1	268	1
2	21	1	317	1
2	21	1	247	1
2	21	1	316	1
2	21	1	241	1
2	21	1	274	1
2	21	1	394	1
2	21	1	205	1
2	21	1	199	1
2	21	1	263	1
2	21	1	264	1
2	21	1	233	1
2	21	1	251	1
2	21	1	296	1
2	21	1	202	1
2	21	1	215	1
2	21	1	236	1
2	21	1	260	1
2	21	1	257	1
2	21	1	194	1
2	21	1	192	1
2	21	1	207	3
2	21	1	222	1
2	21	1	202	1
2	21	1	197	1
2	21	1	303	1
2	21	1	191	1
2	21	1	234	1
2	21	1	242	1
2	21	1	197	1
2	21	1	206	1
2	21	1	206	1
2	21	1	215	1
2	21	1	252	1
2	21	1	226	1
2	21	1	261	1
2	21	1	243	1
2	21	1	219	1
2	21	1	275	1
2	21	1	177	3
2	21	1	263	1
2	21	1	264	1
2	21	1	251	1
2	21	1	218	1
2	21	1	216	1
2	21	1	220	1
2	21	1	198	1
2	21	1	235	1
2	21	1	244	1
2	21	1	191	3
2	21	1	235	1
2	21	1	220	1
2	21	1	238	1
2	21	1	259	1
2	21	1	240	1
2	21	1	230	1
2	21	1	277	1
2	21	1	219	1
2	21	1	265	1
2	21	1	270	1
2	21	1	245	1
2	21	1	197	1
2	21	1	293	1
2	21	1	221	1
2	21	1	261	3
2	21	1	241	1
2	21	1	186	1
2	21	1	250	1
2	21	1	280	1
2	21	1	288	1
2	21	1	247	1
2	21	1	272	1
2	21	1	214	1
2	21	1	367	1
2	21	1	340	1
2	21	1	260	1
2	21	1	306	1
2	22	0.6	212	1
2	22	0.6	212	1
2	22	0.6	304	1
2	22	0.6	198	1
2	22	0.6	260	1
2	22	0.6	203	1
2	22	0.6	203	1
2	22	0.6	268	1
2	22	0.6	217	3
2	22	0.6	256	3
2	22	0.6	214	3
2	22	0.6	240	1
2	22	0.6	217	3
2	22	0.6	210	1
2	22	0.6	235	1
2	22	0.6	183	3
2	22	0.6	181	3
2	22	0.6	193	1
2	22	0.6	285	1
2	22	0.6	217	1
2	22	0.6	214	1
2	22	0.6	255	1
2	22	0.6	238	1
2	22	0.6	365	1
2	22	0.6	227	1
2	22	0.6	345	1
2	22	0.6	196	3
2	22	0.6	225	1
2	22	0.6	199	3
2	22	0.6	259	1
2	22	0.6	224	1
2	22	0.6	255	1
2	22	0.6	171	3
2	22	0.6	210	3
2	22	0.6	192	3
2	22	0.6	207	1
2	22	0.6	168	1
2	22	0.6	223	1
2	22	0.6	215	1
2	22	0.6	243	1
2	22	0.6	217	3
2	22	0.6	279	1
2	22	0.6	250	1
2	22	0.6	193	1
2	22	0.6	184	1
2	22	0.6	214	1
2	22	0.6	195	1
2	22	0.6	192	1
2	22	0.6	282	1
2	22	0.6	251	1
2	22	0.6	204	1
2	22	0.6	164	1
2	22	0.6	227	1
2	22	0.6	215	1
2	22	0.6	219	1
2	22	0.6	249	1
2	22	0.6	300	1
2	22	0.6	229	1
2	22	0.6	211	1
2	22	0.6	211	1
2	22	0.6	257	1
2	22	0.6	270	1
2	22	0.6	219	1
2	22	0.6	200	1
2	22	0.6	303	1
2	22	0.6	217	1
2	22	0.6	196	1
2	22	0.6	259	1
2	22	0.6	268	1
2	22	0.6	225	1
2	22	0.6	192	3
2	22	0.6	252	1
2	22	0.6	338	1
2	22	0.6	228	1
2	22	0.6	190	3
2	22	0.6	132	3
2	22	0.6	216	1
2	22	0.6	240	1
2	22	0.6	193	1
2	22	0.6	264	1
2	22	0.6	245	1
2	22	0.6	248	1
2	22	0.6	278	1
2	22	0.6	208	1
2	22	0.6	314	1
2	22	0.6	269	1
2	22	0.6	271	1
2	22	0.6	241	1
2	22	0.6	213	1
2	22	0.6	257	1
2	22	0.6	202	1
2	22	0.6	273	1
2	22	0.6	223	1
2	22	0.6	271	1
2	22	0.6	207	1
2	22	0.6	222	1
2	22	0.6	231	1
2	22	0.6	297	1
2	22	0.6	245	1
2	22	0.6	252	1
2	22	0.6	206	1
2	22	0.6	242	1
2	22	0.6	243	1
2	22	0.6	189	3
2	22	0.6	264	1
2	22	0.6	232	1
2	22	0.6	250	1
2	22	0.6	265	1
2	22	0.6	262	1
2	22	0.6	267	1
2	22	0.6	259	1
2	22	0.6	179	3
2	22	0.6	216	1
2	22	0.6	338	1
2	22	0.6	343	1
2	22	0.6	204	1
2	22	0.6	239	1
2	22	0.6	264	1
2	22	1	260	1
2	22	1	173	1
2	22	1	323	1
2	22	1	269	1
2	22	1	217	1
2	22	1	235	1
2	22	1	223	1
2	22	1	278	1
2	22	1	203	1
2	22	1	250	1
2	22	1	224	1
2	22	1	210	1
2	22	1	223	1
2	22	1	212	1
2	22	1	213	3
2	22	1	256	1
2	22	1	224	3
2	22	1	214	3
2	22	1	266	1
2	22	1	264	1
2	22	1	242	1
2	22	1	223	1
2	22	1	249	1
2	22	1	208	1
2	22	1	181	3
2	22	1	213	1
2	22	1	220	1
2	22	1	154	3
2	22	1	205	1
2	22	1	342	1
2	22	1	233	1
2	22	1	183	1
2	22	1	200	1
2	22	1	237	1
2	22	1	246	1
2	22	1	238	1
2	22	1	228	1
2	22	1	213	1
2	22	1	187	1
2	22	1	176	3
2	22	1	221	3
2	22	1	224	1
2	22	1	212	3
2	22	1	257	1
2	22	1	197	1
2	22	1	222	1
2	22	1	227	1
2	22	1	214	1
2	22	1	215	1
2	22	1	221	1
2	22	1	198	1
2	22	1	185	1
2	22	1	222	1
2	22	1	228	1
2	22	1	212	1
2	22	1	201	1
2	22	1	186	1
2	22	1	217	1
2	22	1	230	1
2	22	1	209	1
2	22	1	213	1
2	22	1	253	1
2	22	1	220	1
2	22	1	271	1
2	22	1	225	1
2	22	1	170	3
2	22	1	231	1
2	22	1	207	1
2	22	1	240	1
2	22	1	241	1
2	22	1	191	1
2	22	1	185	1
2	22	1	208	1
2	22	1	233	1
2	22	1	182	1
2	22	1	189	1
2	22	1	273	1
2	22	1	236	1
2	22	1	246	1
2	22	1	211	1
2	22	1	235	1
2	22	1	238	1
2	22	1	340	1
2	22	1	234	1
2	22	1	237	1
2	22	1	242	1
2	22	1	213	1
2	22	1	172	1
2	22	1	176	1
2	22	1	236	1
2	22	1	183	1
2	22	1	274	1
2	22	1	247	1
2	22	1	237	1
2	22	1	218	1
2	22	1	256	3
2	22	1	258	1
2	22	1	276	1
2	22	1	279	1
2	22	1	213	1
2	22	1	212	1
2	22	1	211	1
2	22	1	221	1
2	22	1	194	1
2	22	1	177	3
2	22	1	242	1
2	22	1	222	1
2	22	1	249	1
2	22	1	198	1
2	22	1	201	1
2	22	1	183	1
2	22	1	208	1
2	22	1	277	1
2	22	1	267	1
2	22	1	234	1
2	22	1	238	1
2	22	1	183	1
2	22	1	214	1
2	22	1	182	1
3	21	0.6	435	1
3	21	0.6	275	1
3	21	0.6	343	1
3	21	0.6	340	1
3	21	0.6	414	1
3	21	0.6	288	1
3	21	0.6	363	1
3	21	0.6	265	1
3	21	0.6	239	3
3	21	0.6	339	1
3	21	0.6	368	1
3	21	0.6	382	1
3	21	0.6	260	1
3	21	0.6	346	1
3	21	0.6	241	1
3	21	0.6	199	1
3	21	0.6	295	1
3	21	0.6	294	1
3	21	0.6	288	1
3	21	0.6	173	3
3	21	0.6	340	1
3	21	0.6	211	1
3	21	0.6	325	1
3	21	0.6	401	1
3	21	0.6	313	1
3	21	0.6	275	1
3	21	0.6	220	1
3	21	0.6	277	1
3	21	0.6	356	1
3	21	0.6	298	1
3	21	0.6	327	1
3	21	0.6	346	1
3	21	0.6	250	1
3	21	0.6	228	1
3	21	0.6	229	1
3	21	0.6	337	1
3	21	0.6	262	1
3	21	0.6	340	1
3	21	0.6	243	1
3	21	0.6	216	1
3	21	0.6	397	1
3	21	0.6	245	1
3	21	0.6	246	1
3	21	0.6	193	1
3	21	0.6	334	1
3	21	0.6	385	1
3	21	0.6	343	1
3	21	0.6	210	1
3	21	0.6	303	1
3	21	0.6	245	1
3	21	0.6	306	1
3	21	0.6	250	1
3	21	0.6	315	1
3	21	0.6	286	1
3	21	0.6	339	1
3	21	0.6	334	1
3	21	0.6	236	1
3	21	0.6	329	1
3	21	0.6	209	1
3	21	0.6	239	1
3	21	0.6	205	1
3	21	0.6	243	1
3	21	0.6	256	1
3	21	0.6	433	1
3	21	0.6	323	1
3	21	0.6	282	1
3	21	0.6	241	1
3	21	0.6	309	1
3	21	0.6	272	1
3	21	0.6	294	1
3	21	0.6	221	1
3	21	0.6	262	1
3	21	0.6	382	1
3	21	0.6	321	1
3	21	0.6	229	1
3	21	0.6	284	1
3	21	0.6	414	1
3	21	0.6	256	1
3	21	0.6	568	1
3	21	0.6	325	1
3	21	0.6	265	1
3	21	0.6	257	1
3	21	0.6	211	1
3	21	0.6	188	1
3	21	0.6	239	1
3	21	0.6	251	1
3	21	0.6	306	1
3	21	0.6	336	1
3	21	0.6	298	1
3	21	0.6	237	1
3	21	0.6	347	1
3	21	0.6	297	1
3	21	0.6	238	1
3	21	0.6	362	1
3	21	0.6	319	1
3	21	0.6	322	1
3	21	0.6	237	1
3	21	0.6	280	1
3	21	0.6	239	1
3	21	0.6	191	1
3	21	0.6	260	1
3	21	0.6	248	1
3	21	0.6	236	1
3	21	0.6	370	1
3	21	0.6	346	1
3	21	0.6	310	1
3	21	0.6	361	1
3	21	0.6	331	1
3	21	0.6	328	1
3	21	0.6	245	1
3	21	0.6	389	1
3	21	0.6	281	1
3	21	0.6	253	1
3	21	0.6	301	1
3	21	0.6	318	1
3	21	0.6	279	1
3	21	0.6	211	1
3	21	0.6	322	1
3	21	0.6	239	1
3	21	0.6	218	1
3	21	0.6	229	1
3	21	0.6	262	1
3	21	0.6	310	1
3	21	1	392	1
3	21	1	246	3
3	21	1	373	1
3	21	1	354	1
3	21	1	316	1
3	21	1	216	1
3	21	1	345	1
3	21	1	255	3
3	21	1	255	1
3	21	1	277	1
3	21	1	339	1
3	21	1	225	1
3	21	1	325	1
3	21	1	277	1
3	21	1	344	1
3	21	1	353	1
3	21	1	412	1
3	21	1	287	1
3	21	1	355	1
3	21	1	201	1
3	21	1	409	1
3	21	1	229	1
3	21	1	221	1
3	21	1	249	1
3	21	1	378	1
3	21	1	188	3
3	21	1	366	1
3	21	1	200	1
3	21	1	231	1
3	21	1	234	1
3	21	1	211	1
3	21	1	232	1
3	21	1	171	3
3	21	1	364	1
3	21	1	383	1
3	21	1	273	1
3	21	1	204	1
3	21	1	297	1
3	21	1	233	1
3	21	1	280	1
3	21	1	344	1
3	21	1	246	1
3	21	1	209	1
3	21	1	323	1
3	21	1	309	1
3	21	1	333	1
3	21	1	225	1
3	21	1	225	1
3	21	1	197	1
3	21	1	286	1
3	21	1	227	1
3	21	1	269	1
3	21	1	195	3
3	21	1	242	1
3	21	1	192	1
3	21	1	198	1
3	21	1	213	1
3	21	1	312	1
3	21	1	370	1
3	21	1	263	1
3	21	1	247	1
3	21	1	270	1
3	21	1	252	1
3	21	1	394	1
3	21	1	280	1
3	21	1	217	1
3	21	1	234	1
3	21	1	230	1
3	21	1	267	1
3	21	1	224	1
3	21	1	184	3
3	21	1	280	1
3	21	1	208	1
3	21	1	245	1
3	21	1	355	1
3	21	1	256	1
3	21	1	295	1
3	21	1	208	3
3	21	1	332	1
3	21	1	284	1
3	21	1	242	1
3	21	1	156	3
3	21	1	266	1
3	21	1	227	1
3	21	1	248	1
3	21	1	300	1
3	21	1	193	1
3	21	1	228	1
3	21	1	244	1
3	21	1	219	1
3	21	1	215	1
3	21	1	292	1
3	21	1	238	1
3	21	1	250	1
3	21	1	231	1
3	21	1	201	1
3	21	1	221	1
3	21	1	238	1
3	21	1	211	1
3	21	1	249	1
3	21	1	233	1
3	21	1	222	1
3	21	1	216	1
3	21	1	246	1
3	21	1	239	1
3	21	1	253	1
3	21	1	207	1
3	21	1	262	1
3	21	1	290	1
3	21	1	375	1
3	21	1	325	1
3	21	1	248	1
3	21	1	266	1
3	21	1	215	3
3	21	1	201	1
3	21	1	239	3
3	21	1	217	1
3	21	1	286	1
3	21	1	276	1
3	21	1	307	1
3	21	1	283	1
3	21	1	213	1
3	22	0.6	433	1
3	22	0.6	581	1
3	22	0.6	307	1
3	22	0.6	264	1
3	22	0.6	296	1
3	22	0.6	309	1
3	22	0.6	313	1
3	22	0.6	350	1
3	22	0.6	250	3
3	22	0.6	456	1
3	22	0.6	251	1
3	22	0.6	310	1
3	22	0.6	255	1
3	22	0.6	286	1
3	22	0.6	210	1
3	22	0.6	346	1
3	22	0.6	214	1
3	22	0.6	187	3
3	22	0.6	246	1
3	22	0.6	256	1
3	22	0.6	252	1
3	22	0.6	349	1
3	22	0.6	343	1
3	22	0.6	220	1
3	22	0.6	321	1
3	22	0.6	376	1
3	22	0.6	253	1
3	22	0.6	218	3
3	22	0.6	307	1
3	22	0.6	259	1
3	22	0.6	300	1
3	22	0.6	394	1
3	22	0.6	302	1
3	22	0.6	343	1
3	22	0.6	293	1
3	22	0.6	257	1
3	22	0.6	307	1
3	22	0.6	327	1
3	22	0.6	350	1
3	22	0.6	271	1
3	22	0.6	225	1
3	22	0.6	211	1
3	22	0.6	316	1
3	22	0.6	265	1
3	22	0.6	259	1
3	22	0.6	256	1
3	22	0.6	320	1
3	22	0.6	237	1
3	22	0.6	318	1
3	22	0.6	271	1
3	22	0.6	240	1
3	22	0.6	366	1
3	22	0.6	331	1
3	22	0.6	217	1
3	22	0.6	189	1
3	22	0.6	240	1
3	22	0.6	241	1
3	22	0.6	291	1
3	22	0.6	268	1
3	22	0.6	306	1
3	22	0.6	194	3
3	22	0.6	215	1
3	22	0.6	231	1
3	22	0.6	288	1
3	22	0.6	263	1
3	22	0.6	328	1
3	22	0.6	307	1
3	22	0.6	257	1
3	22	0.6	224	1
3	22	0.6	361	1
3	22	0.6	252	1
3	22	0.6	296	1
3	22	0.6	310	1
3	22	0.6	337	1
3	22	0.6	268	1
3	22	0.6	436	1
3	22	0.6	213	1
3	22	0.6	320	1
3	22	0.6	314	1
3	22	0.6	190	3
3	22	0.6	294	1
3	22	0.6	300	1
3	22	0.6	350	1
3	22	0.6	243	3
3	22	0.6	283	1
3	22	0.6	231	1
3	22	0.6	263	1
3	22	0.6	221	1
3	22	0.6	193	1
3	22	0.6	210	1
3	22	0.6	302	1
3	22	0.6	246	1
3	22	0.6	327	1
3	22	0.6	224	1
3	22	0.6	264	1
3	22	0.6	246	1
3	22	0.6	218	1
3	22	0.6	197	1
3	22	0.6	178	1
3	22	0.6	318	1
3	22	0.6	187	3
3	22	0.6	246	1
3	22	0.6	269	3
3	22	0.6	244	1
3	22	0.6	208	1
3	22	0.6	405	1
3	22	0.6	240	1
3	22	0.6	251	1
3	22	0.6	277	1
3	22	0.6	345	1
3	22	0.6	283	1
3	22	0.6	290	1
3	22	0.6	299	1
3	22	0.6	327	1
3	22	0.6	359	1
3	22	0.6	213	3
3	22	0.6	220	1
3	22	0.6	185	1
3	22	0.6	288	1
3	22	0.6	300	1
3	22	0.6	402	1
3	22	1	428	1
3	22	1	339	1
3	22	1	239	1
3	22	1	234	3
3	22	1	268	1
3	22	1	244	1
3	22	1	279	1
3	22	1	449	1
3	22	1	214	3
3	22	1	312	1
3	22	1	378	1
3	22	1	202	1
3	22	1	364	1
3	22	1	299	1
3	22	1	229	1
3	22	1	208	3
3	22	1	270	1
3	22	1	194	3
3	22	1	217	3
3	22	1	223	3
3	22	1	352	1
3	22	1	238	1
3	22	1	241	3
3	22	1	409	1
3	22	1	290	1
3	22	1	236	1
3	22	1	430	1
3	22	1	329	1
3	22	1	245	1
3	22	1	270	1
3	22	1	311	1
3	22	1	208	3
3	22	1	230	1
3	22	1	224	1
3	22	1	217	1
3	22	1	336	1
3	22	1	284	1
3	22	1	207	1
3	22	1	351	1
3	22	1	217	1
3	22	1	364	1
3	22	1	221	1
3	22	1	189	1
3	22	1	270	1
3	22	1	390	1
3	22	1	254	1
3	22	1	222	1
3	22	1	279	1
3	22	1	196	1
3	22	1	207	3
3	22	1	157	3
3	22	1	254	1
3	22	1	304	1
3	22	1	250	1
3	22	1	306	1
3	22	1	357	1
3	22	1	257	1
3	22	1	286	1
3	22	1	210	1
3	22	1	252	1
3	22	1	303	1
3	22	1	229	1
3	22	1	247	1
3	22	1	230	1
3	22	1	291	1
3	22	1	210	1
3	22	1	192	1
3	22	1	198	3
3	22	1	333	1
3	22	1	281	1
3	22	1	176	1
3	22	1	208	1
3	22	1	239	1
3	22	1	232	1
3	22	1	196	3
3	22	1	218	1
3	22	1	210	1
3	22	1	227	1
3	22	1	176	1
3	22	1	185	1
3	22	1	166	1
3	22	1	188	1
3	22	1	229	1
3	22	1	169	3
3	22	1	249	1
3	22	1	231	1
3	22	1	177	1
3	22	1	197	1
3	22	1	223	1
3	22	1	204	1
3	22	1	216	1
3	22	1	189	1
3	22	1	382	1
3	22	1	202	1
3	22	1	233	1
3	22	1	227	1
3	22	1	206	1
3	22	1	252	1
3	22	1	234	1
3	22	1	150	1
3	22	1	324	1
3	22	1	468	1
3	22	1	258	1
3	22	1	278	1
3	22	1	223	1
3	22	1	230	1
3	22	1	275	1
3	22	1	207	1
3	22	1	213	1
3	22	1	190	1
3	22	1	213	1
3	22	1	156	1
3	22	1	234	1
3	22	1	162	3
3	22	1	197	1
3	22	1	249	1
3	22	1	274	1
3	22	1	227	1
3	22	1	278	1
3	22	1	240	1
4	21	0.6	326	1
4	21	0.6	327	1
4	21	0.6	327	1
4	21	0.6	288	1
4	21	0.6	215	1
4	21	0.6	275	1
4	21	0.6	301	1
4	21	0.6	280	1
4	21	0.6	253	1
4	21	0.6	294	1
4	21	0.6	266	3
4	21	0.6	259	1
4	21	0.6	227	1
4	21	0.6	328	1
4	21	0.6	248	1
4	21	0.6	330	1
4	21	0.6	365	1
4	21	0.6	255	1
4	21	0.6	204	3
4	21	0.6	356	1
4	21	0.6	242	1
4	21	0.6	300	1
4	21	0.6	379	1
4	21	0.6	292	1
4	21	0.6	219	1
4	21	0.6	268	1
4	21	0.6	241	1
4	21	0.6	295	1
4	21	0.6	232	1
4	21	0.6	206	3
4	21	0.6	278	1
4	21	0.6	362	1
4	21	0.6	332	1
4	21	0.6	277	1
4	21	0.6	218	1
4	21	0.6	253	1
4	21	0.6	283	1
4	21	0.6	299	3
4	21	0.6	311	1
4	21	0.6	271	1
4	21	0.6	220	3
4	21	0.6	229	3
4	21	0.6	272	1
4	21	0.6	265	1
4	21	0.6	257	1
4	21	0.6	248	1
4	21	0.6	216	1
4	21	0.6	261	1
4	21	0.6	307	1
4	21	0.6	238	1
4	21	0.6	246	1
4	21	0.6	226	1
4	21	0.6	230	1
4	21	0.6	224	1
4	21	0.6	284	1
4	21	0.6	300	1
4	21	0.6	232	1
4	21	0.6	246	1
4	21	0.6	271	1
4	21	0.6	283	1
4	21	0.6	254	1
4	21	0.6	235	1
4	21	0.6	295	1
4	21	0.6	225	1
4	21	0.6	260	1
4	21	0.6	266	1
4	21	0.6	274	1
4	21	0.6	301	1
4	21	0.6	234	1
4	21	0.6	309	1
4	21	0.6	438	1
4	21	0.6	329	1
4	21	0.6	305	1
4	21	0.6	249	1
4	21	0.6	284	1
4	21	0.6	283	1
4	21	0.6	265	1
4	21	0.6	216	1
4	21	0.6	294	1
4	21	0.6	233	3
4	21	0.6	299	1
4	21	0.6	214	3
4	21	0.6	242	1
4	21	0.6	249	1
4	21	0.6	345	1
4	21	0.6	411	1
4	21	0.6	357	1
4	21	0.6	293	1
4	21	0.6	292	1
4	21	0.6	248	1
4	21	0.6	196	1
4	21	0.6	231	1
4	21	0.6	276	1
4	21	0.6	248	1
4	21	0.6	265	1
4	21	0.6	248	1
4	21	0.6	263	1
4	21	0.6	270	1
4	21	0.6	251	1
4	21	0.6	290	1
4	21	0.6	276	1
4	21	0.6	201	3
4	21	0.6	270	1
4	21	0.6	251	1
4	21	0.6	243	1
4	21	0.6	266	1
4	21	0.6	319	1
4	21	0.6	236	1
4	21	0.6	334	1
4	21	0.6	286	3
4	21	0.6	203	1
4	21	0.6	218	1
4	21	0.6	287	1
4	21	0.6	287	3
4	21	0.6	239	1
4	21	0.6	202	1
4	21	0.6	202	1
4	21	0.6	290	1
4	21	0.6	274	1
4	21	0.6	229	1
4	21	0.6	224	1
4	21	1	235	1
4	21	1	238	3
4	21	1	273	1
4	21	1	230	1
4	21	1	182	3
4	21	1	256	1
4	21	1	191	1
4	21	1	194	3
4	21	1	194	3
4	21	1	196	3
4	21	1	254	1
4	21	1	186	1
4	21	1	209	1
4	21	1	251	1
4	21	1	228	1
4	21	1	239	1
4	21	1	197	1
4	21	1	212	1
4	21	1	309	1
4	21	1	199	1
4	21	1	206	1
4	21	1	186	3
4	21	1	245	1
4	21	1	178	1
4	21	1	276	1
4	21	1	194	1
4	21	1	233	1
4	21	1	184	3
4	21	1	292	1
4	21	1	261	1
4	21	1	208	1
4	21	1	209	1
4	21	1	321	1
4	21	1	187	1
4	21	1	266	1
4	21	1	218	1
4	21	1	206	1
4	21	1	244	1
4	21	1	222	3
4	21	1	282	1
4	21	1	171	1
4	21	1	217	1
4	21	1	200	1
4	21	1	229	1
4	21	1	179	3
4	21	1	214	1
4	21	1	191	1
4	21	1	192	1
4	21	1	304	1
4	21	1	219	1
4	21	1	180	1
4	21	1	258	1
4	21	1	271	1
4	21	1	261	1
4	21	1	276	1
4	21	1	297	1
4	21	1	198	1
4	21	1	235	1
4	21	1	186	3
4	21	1	358	1
4	21	1	195	1
4	21	1	268	1
4	21	1	320	1
4	21	1	249	1
4	21	1	215	1
4	21	1	214	1
4	21	1	294	1
4	21	1	278	1
4	21	1	254	1
4	21	1	263	1
4	21	1	197	3
4	21	1	229	1
4	21	1	235	1
4	21	1	207	1
4	21	1	192	1
4	21	1	194	1
4	21	1	192	1
4	21	1	264	1
4	21	1	260	1
4	21	1	282	1
4	21	1	209	3
4	21	1	218	1
4	21	1	212	1
4	21	1	244	1
4	21	1	209	1
4	21	1	184	1
4	21	1	216	1
4	21	1	291	1
4	21	1	302	1
4	21	1	205	1
4	21	1	226	1
4	21	1	232	1
4	21	1	219	1
4	21	1	305	1
4	21	1	186	1
4	21	1	224	1
4	21	1	213	1
4	21	1	215	1
4	21	1	204	1
4	21	1	229	1
4	21	1	295	1
4	21	1	213	1
4	21	1	270	1
4	21	1	202	1
4	21	1	274	1
4	21	1	272	1
4	21	1	179	1
4	21	1	199	1
4	21	1	224	1
4	21	1	293	1
4	21	1	313	1
4	21	1	226	1
4	21	1	190	1
4	21	1	278	1
4	21	1	302	1
4	21	1	200	3
4	21	1	207	1
4	21	1	210	1
4	21	1	200	3
4	21	1	216	1
4	21	1	271	1
4	21	1	215	1
4	21	1	162	3
4	22	0.6	226	1
4	22	0.6	206	1
4	22	0.6	340	1
4	22	0.6	254	1
4	22	0.6	193	3
4	22	0.6	177	3
4	22	0.6	232	1
4	22	0.6	237	1
4	22	0.6	230	1
4	22	0.6	240	1
4	22	0.6	309	1
4	22	0.6	292	1
4	22	0.6	310	1
4	22	0.6	311	1
4	22	0.6	235	3
4	22	0.6	236	1
4	22	0.6	227	1
4	22	0.6	257	1
4	22	0.6	276	1
4	22	0.6	230	1
4	22	0.6	206	1
4	22	0.6	261	1
4	22	0.6	225	1
4	22	0.6	185	1
4	22	0.6	264	1
4	22	0.6	309	1
4	22	0.6	321	1
4	22	0.6	264	1
4	22	0.6	246	1
4	22	0.6	197	3
4	22	0.6	185	1
4	22	0.6	215	3
4	22	0.6	431	1
4	22	0.6	216	1
4	22	0.6	229	3
4	22	0.6	251	1
4	22	0.6	233	3
4	22	0.6	218	1
4	22	0.6	177	3
4	22	0.6	207	3
4	22	0.6	228	1
4	22	0.6	195	3
4	22	0.6	181	3
4	22	0.6	238	1
4	22	0.6	234	1
4	22	0.6	307	1
4	22	0.6	210	1
4	22	0.6	207	1
4	22	0.6	184	3
4	22	0.6	260	1
4	22	0.6	254	1
4	22	0.6	243	1
4	22	0.6	253	1
4	22	0.6	298	1
4	22	0.6	226	1
4	22	0.6	266	1
4	22	0.6	206	1
4	22	0.6	213	1
4	22	0.6	238	1
4	22	0.6	251	1
4	22	0.6	267	1
4	22	0.6	214	1
4	22	0.6	221	1
4	22	0.6	205	1
4	22	0.6	198	3
4	22	0.6	232	1
4	22	0.6	218	1
4	22	0.6	272	1
4	22	0.6	228	1
4	22	0.6	224	1
4	22	0.6	154	3
4	22	0.6	242	1
4	22	0.6	292	1
4	22	0.6	200	3
4	22	0.6	279	1
4	22	0.6	240	1
4	22	0.6	222	1
4	22	0.6	182	3
4	22	0.6	223	1
4	22	0.6	337	1
4	22	0.6	307	1
4	22	0.6	235	1
4	22	0.6	207	3
4	22	0.6	239	1
4	22	0.6	263	1
4	22	0.6	231	1
4	22	0.6	206	1
4	22	0.6	353	1
4	22	0.6	238	1
4	22	0.6	265	1
4	22	0.6	218	1
4	22	0.6	189	1
4	22	0.6	260	1
4	22	0.6	250	1
4	22	0.6	217	1
4	22	0.6	308	1
4	22	0.6	238	1
4	22	0.6	210	3
4	22	0.6	256	1
4	22	0.6	201	1
4	22	0.6	248	1
4	22	0.6	232	1
4	22	0.6	266	1
4	22	0.6	188	3
4	22	0.6	195	3
4	22	0.6	246	3
4	22	0.6	233	1
4	22	0.6	255	1
4	22	0.6	254	3
4	22	0.6	190	3
4	22	0.6	268	1
4	22	0.6	225	1
4	22	0.6	250	1
4	22	0.6	217	3
4	22	0.6	241	1
4	22	0.6	217	1
4	22	0.6	293	1
4	22	0.6	204	1
4	22	0.6	229	1
4	22	0.6	203	1
4	22	0.6	187	1
4	22	0.6	273	1
4	22	0.6	343	1
4	22	0.6	305	1
4	22	0.6	247	1
4	22	1	226	1
4	22	1	200	3
4	22	1	230	1
4	22	1	287	1
4	22	1	196	1
4	22	1	213	1
4	22	1	196	1
4	22	1	219	3
4	22	1	184	1
4	22	1	160	1
4	22	1	180	1
4	22	1	255	1
4	22	1	212	1
4	22	1	240	1
4	22	1	207	1
4	22	1	199	1
4	22	1	194	1
4	22	1	231	1
4	22	1	200	1
4	22	1	252	1
4	22	1	224	1
4	22	1	196	3
4	22	1	185	1
4	22	1	172	3
4	22	1	189	1
4	22	1	196	1
4	22	1	213	1
4	22	1	204	3
4	22	1	204	1
4	22	1	187	3
4	22	1	171	1
4	22	1	190	1
4	22	1	190	1
4	22	1	188	3
4	22	1	192	1
4	22	1	245	1
4	22	1	220	1
4	22	1	240	1
4	22	1	274	1
4	22	1	171	3
4	22	1	201	1
4	22	1	190	1
4	22	1	201	1
4	22	1	224	1
4	22	1	200	1
4	22	1	285	1
4	22	1	235	1
4	22	1	229	1
4	22	1	191	3
4	22	1	219	1
4	22	1	215	1
4	22	1	169	1
4	22	1	228	1
4	22	1	270	1
4	22	1	267	1
4	22	1	238	1
4	22	1	217	1
4	22	1	220	1
4	22	1	198	1
4	22	1	214	3
4	22	1	194	1
4	22	1	189	1
4	22	1	194	1
4	22	1	371	1
4	22	1	247	1
4	22	1	226	1
4	22	1	195	1
4	22	1	174	3
4	22	1	229	1
4	22	1	194	3
4	22	1	239	1
4	22	1	222	1
4	22	1	248	1
4	22	1	184	1
4	22	1	206	1
4	22	1	203	3
4	22	1	180	1
4	22	1	230	1
4	22	1	209	3
4	22	1	215	1
4	22	1	195	1
4	22	1	200	1
4	22	1	203	1
4	22	1	205	1
4	22	1	336	1
4	22	1	226	1
4	22	1	199	1
4	22	1	236	1
4	22	1	192	3
4	22	1	188	3
4	22	1	238	1
4	22	1	210	1
4	22	1	230	1
4	22	1	207	1
4	22	1	188	1
4	22	1	194	1
4	22	1	225	1
4	22	1	221	3
4	22	1	215	1
4	22	1	239	1
4	22	1	227	1
4	22	1	181	3
4	22	1	226	1
4	22	1	194	3
4	22	1	290	1
4	22	1	230	1
4	22	1	197	3
4	22	1	220	1
4	22	1	203	1
4	22	1	208	1
4	22	1	244	1
4	22	1	209	1
4	22	1	179	3
4	22	1	262	1
4	22	1	221	1
4	22	1	215	3
4	22	1	244	1
4	22	1	235	1
4	22	1	219	1
4	22	1	222	1
4	22	1	182	3
4	22	1	302	1
4	22	1	230	1
4	22	1	198	1
4	22	1	222	1
4	22	1	204	1
4	22	1	174	1
5	21	0.6	243	3
5	21	0.6	413	1
5	21	0.6	256	1
5	21	0.6	326	1
5	21	0.6	259	1
5	21	0.6	254	1
5	21	0.6	243	3
5	21	0.6	367	1
5	21	0.6	226	1
5	21	0.6	372	1
5	21	0.6	413	1
5	21	0.6	367	1
5	21	0.6	318	1
5	21	0.6	257	1
5	21	0.6	376	1
5	21	0.6	435	1
5	21	0.6	294	1
5	21	0.6	445	1
5	21	0.6	479	1
5	21	0.6	453	1
5	21	0.6	409	1
5	21	0.6	401	1
5	21	0.6	250	1
5	21	0.6	407	1
5	21	0.6	530	1
5	21	0.6	293	1
5	21	0.6	233	1
5	21	0.6	361	1
5	21	0.6	441	1
5	21	0.6	469	1
5	21	0.6	244	1
5	21	0.6	315	1
5	21	0.6	449	1
5	21	0.6	433	1
5	21	0.6	236	1
5	21	0.6	382	1
5	21	0.6	332	1
5	21	0.6	434	1
5	21	0.6	477	1
5	21	0.6	290	1
5	21	0.6	263	3
5	21	0.6	332	1
5	21	0.6	334	1
5	21	0.6	567	1
5	21	0.6	288	1
5	21	0.6	416	1
5	21	0.6	388	1
5	21	0.6	362	1
5	21	0.6	448	1
5	21	0.6	292	1
5	21	0.6	253	3
5	21	0.6	352	1
5	21	0.6	274	1
5	21	0.6	354	1
5	21	0.6	319	1
5	21	0.6	428	1
5	21	0.6	434	1
5	21	0.6	518	1
5	21	0.6	308	1
5	21	0.6	398	1
5	21	0.6	249	3
5	21	0.6	330	1
5	21	0.6	328	1
5	21	0.6	516	1
5	21	0.6	425	1
5	21	0.6	339	1
5	21	0.6	338	1
5	21	0.6	370	1
5	21	0.6	300	1
5	21	0.6	324	1
5	21	0.6	286	1
5	21	0.6	345	1
5	21	0.6	346	1
5	21	0.6	320	1
5	21	0.6	280	1
5	21	0.6	330	1
5	21	0.6	486	1
5	21	0.6	204	1
5	21	0.6	278	1
5	21	0.6	364	1
5	21	0.6	282	1
5	21	0.6	404	1
5	21	0.6	304	1
5	21	0.6	373	1
5	21	0.6	265	1
5	21	0.6	230	3
5	21	0.6	285	1
5	21	0.6	344	1
5	21	0.6	294	1
5	21	0.6	295	1
5	21	0.6	291	1
5	21	0.6	255	1
5	21	0.6	289	1
5	21	0.6	402	1
5	21	0.6	262	1
5	21	0.6	263	1
5	21	0.6	299	1
5	21	0.6	326	1
5	21	0.6	320	1
5	21	0.6	297	1
5	21	0.6	286	1
5	21	0.6	284	1
5	21	0.6	278	1
5	21	0.6	312	1
5	21	0.6	317	1
5	21	0.6	279	1
5	21	0.6	321	1
5	21	0.6	380	1
5	21	0.6	290	1
5	21	0.6	305	1
5	21	0.6	257	1
5	21	0.6	266	1
5	21	0.6	305	1
5	21	0.6	318	1
5	21	0.6	261	1
5	21	1	267	3
5	21	1	503	3
5	21	1	352	1
5	21	1	275	1
5	21	1	420	1
5	21	1	263	1
5	21	1	203	3
5	21	1	289	1
5	21	1	253	3
5	21	1	186	3
5	21	1	200	1
5	21	1	204	3
5	21	1	214	1
5	21	1	186	3
5	21	1	234	1
5	21	1	220	1
5	21	1	320	1
5	21	1	188	3
5	21	1	259	1
5	21	1	390	1
5	21	1	329	1
5	21	1	347	1
5	21	1	223	3
5	21	1	251	1
5	21	1	179	1
5	21	1	331	1
5	21	1	495	1
5	21	1	297	1
5	21	1	258	1
5	21	1	355	1
5	21	1	316	1
5	21	1	363	1
5	21	1	235	1
5	21	1	327	1
5	21	1	188	3
5	21	1	233	1
5	21	1	426	1
5	21	1	438	1
5	21	1	285	1
5	21	1	243	1
5	21	1	444	1
5	21	1	351	1
5	21	1	190	1
5	21	1	241	3
5	21	1	272	1
5	21	1	188	3
5	21	1	239	1
5	21	1	234	1
5	21	1	279	1
5	21	1	361	1
5	21	1	370	1
5	21	1	296	1
5	21	1	310	1
5	21	1	248	1
5	21	1	361	1
5	21	1	302	1
5	21	1	211	1
5	21	1	565	1
5	21	1	217	1
5	21	1	275	1
5	21	1	288	1
5	21	1	213	3
5	21	1	240	1
5	21	1	264	1
5	21	1	269	1
5	21	1	234	3
5	21	1	284	1
5	21	1	400	1
5	21	1	210	1
5	21	1	270	1
5	21	1	253	1
5	21	1	312	1
5	21	1	242	1
5	21	1	227	1
5	21	1	238	1
5	21	1	247	1
5	21	1	371	1
5	21	1	250	1
5	21	1	324	1
5	21	1	212	1
5	21	1	233	1
5	21	1	298	1
5	21	1	240	1
5	21	1	334	1
5	21	1	304	1
5	21	1	250	1
5	21	1	244	1
5	21	1	271	1
5	21	1	272	1
5	21	1	270	1
5	21	1	254	1
5	21	1	363	1
5	21	1	255	1
5	21	1	515	1
5	21	1	250	1
5	21	1	271	1
5	21	1	434	1
5	21	1	368	1
5	21	1	356	1
5	21	1	273	1
5	21	1	291	1
5	21	1	263	1
5	21	1	313	1
5	21	1	326	1
5	21	1	346	1
5	21	1	255	1
5	21	1	259	1
5	21	1	287	1
5	21	1	202	1
5	21	1	355	1
5	21	1	300	1
5	22	0.6	337	1
5	22	0.6	337	3
5	22	0.6	199	1
5	22	0.6	327	1
5	22	0.6	248	1
5	22	0.6	283	1
5	22	0.6	197	1
5	22	0.6	205	1
5	22	0.6	267	3
5	22	0.6	276	1
5	22	0.6	252	1
5	22	0.6	183	3
5	22	0.6	178	1
5	22	0.6	204	1
5	22	0.6	243	1
5	22	0.6	343	1
5	22	0.6	253	1
5	22	0.6	344	1
5	22	0.6	364	1
5	22	0.6	251	1
5	22	0.6	460	1
5	22	0.6	312	1
5	22	0.6	234	1
5	22	0.6	278	1
5	22	0.6	285	1
5	22	0.6	306	1
5	22	0.6	294	1
5	22	0.6	428	1
5	22	0.6	184	3
5	22	0.6	362	1
5	22	0.6	326	1
5	22	0.6	491	1
5	22	0.6	372	1
5	22	0.6	497	1
5	22	0.6	476	1
5	22	0.6	456	1
5	22	0.6	230	1
5	22	0.6	249	1
5	22	0.6	196	3
5	22	0.6	376	1
5	22	0.6	232	1
5	22	0.6	205	3
5	22	0.6	291	1
5	22	0.6	347	1
5	22	0.6	215	1
5	22	0.6	244	1
5	22	0.6	251	1
5	22	0.6	372	1
5	22	0.6	180	3
5	22	0.6	292	1
5	22	0.6	421	1
5	22	0.6	309	1
5	22	0.6	358	1
5	22	0.6	205	1
5	22	0.6	202	3
5	22	0.6	324	1
5	22	0.6	283	1
5	22	0.6	322	1
5	22	0.6	351	1
5	22	0.6	349	1
5	22	0.6	462	1
5	22	0.6	326	1
5	22	0.6	382	1
5	22	0.6	497	1
5	22	0.6	320	1
5	22	0.6	438	1
5	22	0.6	389	1
5	22	0.6	326	1
5	22	0.6	309	1
5	22	0.6	526	1
5	22	0.6	338	1
5	22	0.6	311	1
5	22	0.6	376	1
5	22	0.6	308	1
5	22	0.6	317	1
5	22	0.6	269	1
5	22	0.6	248	1
5	22	0.6	302	1
5	22	0.6	285	1
5	22	0.6	358	1
5	22	0.6	256	1
5	22	0.6	188	1
5	22	0.6	427	1
5	22	0.6	247	1
5	22	0.6	273	1
5	22	0.6	231	1
5	22	0.6	301	1
5	22	0.6	293	1
5	22	0.6	184	3
5	22	0.6	229	1
5	22	0.6	266	1
5	22	0.6	324	1
5	22	0.6	290	1
5	22	0.6	383	1
5	22	0.6	296	1
5	22	0.6	339	1
5	22	0.6	173	3
5	22	0.6	258	1
5	22	0.6	268	1
5	22	0.6	279	1
5	22	0.6	311	3
5	22	0.6	452	1
5	22	0.6	327	1
5	22	0.6	256	1
5	22	0.6	266	1
5	22	0.6	287	1
5	22	0.6	239	1
5	22	0.6	244	1
5	22	0.6	291	1
5	22	0.6	253	1
5	22	0.6	292	1
5	22	0.6	297	1
5	22	0.6	280	1
5	22	0.6	294	1
5	22	0.6	229	1
5	22	1	269	3
5	22	1	268	1
5	22	1	186	1
5	22	1	202	3
5	22	1	179	1
5	22	1	240	1
5	22	1	205	1
5	22	1	219	1
5	22	1	234	1
5	22	1	218	3
5	22	1	316	1
5	22	1	219	1
5	22	1	318	1
5	22	1	182	3
5	22	1	322	1
5	22	1	217	1
5	22	1	229	1
5	22	1	296	1
5	22	1	251	1
5	22	1	352	1
5	22	1	210	1
5	22	1	302	1
5	22	1	196	3
5	22	1	240	1
5	22	1	295	1
5	22	1	224	1
5	22	1	353	1
5	22	1	350	1
5	22	1	277	1
5	22	1	264	1
5	22	1	276	1
5	22	1	225	1
5	22	1	240	3
5	22	1	191	3
5	22	1	264	1
5	22	1	219	1
5	22	1	199	1
5	22	1	224	1
5	22	1	215	3
5	22	1	320	1
5	22	1	223	3
5	22	1	305	1
5	22	1	253	1
5	22	1	274	1
5	22	1	253	1
5	22	1	320	1
5	22	1	308	1
5	22	1	341	1
5	22	1	225	1
5	22	1	176	3
5	22	1	339	1
5	22	1	254	1
5	22	1	347	1
5	22	1	226	1
5	22	1	458	1
5	22	1	240	1
5	22	1	230	1
5	22	1	279	1
5	22	1	238	1
5	22	1	236	1
5	22	1	258	1
5	22	1	243	1
5	22	1	208	3
5	22	1	238	1
5	22	1	183	3
5	22	1	203	3
5	22	1	240	1
5	22	1	256	1
5	22	1	268	1
5	22	1	255	1
5	22	1	229	1
5	22	1	246	1
5	22	1	201	1
5	22	1	248	1
5	22	1	275	1
5	22	1	195	1
5	22	1	217	1
5	22	1	232	1
5	22	1	215	1
5	22	1	317	1
5	22	1	334	1
5	22	1	269	1
5	22	1	197	3
5	22	1	246	1
5	22	1	239	1
5	22	1	274	1
5	22	1	246	1
5	22	1	258	1
5	22	1	286	1
5	22	1	383	1
5	22	1	383	1
5	22	1	225	1
5	22	1	244	1
5	22	1	235	1
5	22	1	224	1
5	22	1	199	3
5	22	1	218	1
5	22	1	218	1
5	22	1	267	1
5	22	1	233	1
5	22	1	246	1
5	22	1	227	3
5	22	1	295	1
5	22	1	354	1
5	22	1	177	3
5	22	1	269	1
5	22	1	220	1
5	22	1	292	1
5	22	1	297	1
5	22	1	280	1
5	22	1	336	1
5	22	1	218	1
5	22	1	222	1
5	22	1	184	1
5	22	1	247	1
5	22	1	227	1
6	21	0.6	328	1
6	21	0.6	313	1
6	21	0.6	404	1
6	21	0.6	327	1
6	21	0.6	238	1
6	21	0.6	361	1
6	21	0.6	351	1
6	21	0.6	283	1
6	21	0.6	335	1
6	21	0.6	355	1
6	21	0.6	292	1
6	21	0.6	381	1
6	21	0.6	296	1
6	21	0.6	354	1
6	21	0.6	275	1
6	21	0.6	313	1
6	21	0.6	256	1
6	21	0.6	341	1
6	21	0.6	257	1
6	21	0.6	212	1
6	21	0.6	249	1
6	21	0.6	258	1
6	21	0.6	298	1
6	21	0.6	206	3
6	21	0.6	265	1
6	21	0.6	329	1
6	21	0.6	363	1
6	21	0.6	324	1
6	21	0.6	349	1
6	21	0.6	282	1
6	21	0.6	266	1
6	21	0.6	269	3
6	21	0.6	318	1
6	21	0.6	345	1
6	21	0.6	372	1
6	21	0.6	297	1
6	21	0.6	286	1
6	21	0.6	254	1
6	21	0.6	353	1
6	21	0.6	337	1
6	21	0.6	348	1
6	21	0.6	309	1
6	21	0.6	303	1
6	21	0.6	265	1
6	21	0.6	264	1
6	21	0.6	247	1
6	21	0.6	284	1
6	21	0.6	287	1
6	21	0.6	283	1
6	21	0.6	255	1
6	21	0.6	485	1
6	21	0.6	241	1
6	21	0.6	321	1
6	21	0.6	313	1
6	21	0.6	289	1
6	21	0.6	266	3
6	21	0.6	325	1
6	21	0.6	272	1
6	21	0.6	306	1
6	21	0.6	267	1
6	21	0.6	242	1
6	21	0.6	203	1
6	21	0.6	331	1
6	21	0.6	262	1
6	21	0.6	344	3
6	21	0.6	252	1
6	21	0.6	238	1
6	21	0.6	283	1
6	21	0.6	358	1
6	21	0.6	269	1
6	21	0.6	265	1
6	21	0.6	383	1
6	21	0.6	388	1
6	21	0.6	204	1
6	21	0.6	459	1
6	21	0.6	375	1
6	21	0.6	359	1
6	21	0.6	392	1
6	21	0.6	268	1
6	21	0.6	311	1
6	21	0.6	299	1
6	21	0.6	246	1
6	21	0.6	295	1
6	21	0.6	415	1
6	21	0.6	276	1
6	21	0.6	279	1
6	21	0.6	220	1
6	21	0.6	240	1
6	21	0.6	244	1
6	21	0.6	248	1
6	21	0.6	371	1
6	21	0.6	263	1
6	21	0.6	296	1
6	21	0.6	236	1
6	21	0.6	281	1
6	21	0.6	364	1
6	21	0.6	278	1
6	21	0.6	200	1
6	21	0.6	446	1
6	21	0.6	192	3
6	21	0.6	200	1
6	21	0.6	388	1
6	21	0.6	344	1
6	21	0.6	245	1
6	21	0.6	285	1
6	21	0.6	289	1
6	21	0.6	210	1
6	21	0.6	222	1
6	21	0.6	203	1
6	21	0.6	242	1
6	21	0.6	293	1
6	21	0.6	236	1
6	21	0.6	268	1
6	21	0.6	240	1
6	21	1	258	1
6	21	1	312	1
6	21	1	342	1
6	21	1	255	1
6	21	1	326	1
6	21	1	261	1
6	21	1	291	1
6	21	1	314	1
6	21	1	236	1
6	21	1	243	1
6	21	1	349	1
6	21	1	279	1
6	21	1	289	1
6	21	1	374	1
6	21	1	277	1
6	21	1	276	1
6	21	1	223	1
6	21	1	334	1
6	21	1	265	1
6	21	1	335	1
6	21	1	296	1
6	21	1	367	1
6	21	1	244	1
6	21	1	281	1
6	21	1	323	1
6	21	1	212	1
6	21	1	290	1
6	21	1	298	1
6	21	1	243	1
6	21	1	354	1
6	21	1	303	1
6	21	1	357	1
6	21	1	286	1
6	21	1	300	1
6	21	1	262	1
6	21	1	228	1
6	21	1	208	3
6	21	1	335	1
6	21	1	265	1
6	21	1	254	1
6	21	1	420	1
6	21	1	229	3
6	21	1	231	1
6	21	1	294	1
6	21	1	388	1
6	21	1	303	1
6	21	1	357	1
6	21	1	336	1
6	21	1	444	1
6	21	1	307	1
6	21	1	368	1
6	21	1	375	1
6	21	1	281	1
6	21	1	296	1
6	21	1	256	1
6	21	1	280	1
6	21	1	251	1
6	21	1	348	1
6	21	1	250	1
6	21	1	430	1
6	21	1	269	1
6	21	1	300	1
6	21	1	282	1
6	21	1	286	1
6	21	1	247	1
6	21	1	171	1
6	21	1	248	1
6	21	1	354	1
6	21	1	230	1
6	21	1	421	1
6	21	1	193	3
6	21	1	276	1
6	21	1	235	1
6	21	1	229	1
6	21	1	253	1
6	21	1	348	1
6	21	1	234	1
6	21	1	244	1
6	21	1	315	1
6	21	1	305	1
6	21	1	345	1
6	21	1	215	1
6	21	1	215	3
6	21	1	195	1
6	21	1	300	1
6	21	1	357	1
6	21	1	290	1
6	21	1	253	1
6	21	1	362	1
6	21	1	347	1
6	21	1	374	1
6	21	1	367	1
6	21	1	260	1
6	21	1	260	1
6	21	1	330	1
6	21	1	239	1
6	21	1	327	1
6	21	1	269	1
6	21	1	259	1
6	21	1	289	1
6	21	1	251	1
6	21	1	322	1
6	21	1	251	1
6	21	1	259	1
6	21	1	249	1
6	21	1	251	3
6	21	1	292	1
6	21	1	294	1
6	21	1	237	1
6	21	1	245	1
6	21	1	450	1
6	21	1	303	1
6	21	1	313	1
6	21	1	260	1
6	21	1	292	1
6	21	1	249	1
6	22	0.6	288	1
6	22	0.6	302	1
6	22	0.6	294	1
6	22	0.6	326	1
6	22	0.6	279	1
6	22	0.6	319	1
6	22	0.6	348	1
6	22	0.6	332	1
6	22	0.6	265	1
6	22	0.6	248	1
6	22	0.6	198	3
6	22	0.6	314	1
6	22	0.6	268	1
6	22	0.6	331	1
6	22	0.6	328	1
6	22	0.6	347	1
6	22	0.6	347	1
6	22	0.6	259	1
6	22	0.6	307	1
6	22	0.6	279	1
6	22	0.6	292	1
6	22	0.6	263	1
6	22	0.6	277	1
6	22	0.6	295	1
6	22	0.6	294	1
6	22	0.6	348	1
6	22	0.6	360	1
6	22	0.6	360	1
6	22	0.6	332	1
6	22	0.6	187	1
6	22	0.6	173	1
6	22	0.6	249	1
6	22	0.6	181	1
6	22	0.6	201	3
6	22	0.6	236	1
6	22	0.6	240	1
6	22	0.6	177	3
6	22	0.6	257	1
6	22	0.6	251	1
6	22	0.6	181	3
6	22	0.6	280	1
6	22	0.6	488	1
6	22	0.6	209	1
6	22	0.6	403	1
6	22	0.6	351	1
6	22	0.6	231	1
6	22	0.6	286	1
6	22	0.6	298	1
6	22	0.6	254	1
6	22	0.6	268	1
6	22	0.6	319	1
6	22	0.6	245	1
6	22	0.6	212	1
6	22	0.6	309	1
6	22	0.6	251	1
6	22	0.6	251	1
6	22	0.6	171	3
6	22	0.6	308	1
6	22	0.6	194	3
6	22	0.6	232	1
6	22	0.6	193	1
6	22	0.6	185	1
6	22	0.6	246	1
6	22	0.6	308	1
6	22	0.6	404	1
6	22	0.6	198	1
6	22	0.6	212	1
6	22	0.6	194	3
6	22	0.6	212	1
6	22	0.6	218	1
6	22	0.6	222	1
6	22	0.6	243	1
6	22	0.6	252	1
6	22	0.6	237	3
6	22	0.6	350	1
6	22	0.6	249	1
6	22	0.6	269	1
6	22	0.6	271	1
6	22	0.6	266	1
6	22	0.6	261	1
6	22	0.6	360	1
6	22	0.6	280	1
6	22	0.6	164	1
6	22	0.6	262	1
6	22	0.6	296	1
6	22	0.6	339	1
6	22	0.6	264	1
6	22	0.6	210	1
6	22	0.6	330	1
6	22	0.6	227	1
6	22	0.6	278	1
6	22	0.6	203	1
6	22	0.6	265	1
6	22	0.6	226	3
6	22	0.6	294	1
6	22	0.6	182	3
6	22	0.6	221	1
6	22	0.6	319	1
6	22	0.6	265	1
6	22	0.6	228	1
6	22	0.6	233	1
6	22	0.6	269	1
6	22	0.6	294	1
6	22	0.6	297	1
6	22	0.6	261	1
6	22	0.6	224	1
6	22	0.6	205	3
6	22	0.6	247	1
6	22	0.6	221	1
6	22	1	253	3
6	22	1	252	1
6	22	1	200	1
6	22	1	227	1
6	22	1	271	1
6	22	1	218	1
6	22	1	223	1
6	22	1	268	1
6	22	1	198	1
6	22	1	252	1
6	22	1	292	1
6	22	1	271	1
6	22	1	256	1
6	22	1	298	1
6	22	1	331	1
6	22	1	300	1
6	22	1	243	1
6	22	1	307	1
6	22	1	194	1
6	22	1	273	1
6	22	1	204	3
6	22	1	265	1
6	22	1	253	1
6	22	1	253	1
6	22	1	210	1
6	22	1	216	3
6	22	1	286	1
6	22	1	159	1
6	22	1	197	3
6	22	1	178	3
6	22	1	328	1
6	22	1	390	1
6	22	1	291	1
6	22	1	347	1
6	22	1	223	1
6	22	1	218	1
6	22	1	208	1
6	22	1	296	1
6	22	1	300	1
6	22	1	268	1
6	22	1	290	1
6	22	1	213	1
6	22	1	193	1
6	22	1	252	1
6	22	1	322	1
6	22	1	246	1
6	22	1	211	1
6	22	1	383	1
6	22	1	191	1
6	22	1	249	1
6	22	1	201	1
6	22	1	212	3
6	22	1	242	1
6	22	1	217	1
6	22	1	227	1
6	22	1	349	1
6	22	1	301	1
6	22	1	204	1
6	22	1	349	1
6	22	1	336	1
6	22	1	232	1
6	22	1	184	3
6	22	1	224	1
6	22	1	264	3
6	22	1	255	1
6	22	1	278	1
6	22	1	357	1
6	22	1	209	1
6	22	1	270	1
6	22	1	301	1
6	22	1	273	1
6	22	1	228	1
6	22	1	232	1
6	22	1	233	1
6	22	1	279	1
6	22	1	280	1
6	22	1	235	1
6	22	1	197	1
6	22	1	203	1
6	22	1	279	1
6	22	1	187	3
6	22	1	187	1
6	22	1	247	1
6	22	1	209	1
6	22	1	175	3
6	22	1	205	1
6	22	1	263	1
6	22	1	205	1
6	22	1	193	1
6	22	1	197	1
6	22	1	193	1
6	22	1	197	3
6	22	1	323	1
6	22	1	178	3
6	22	1	308	1
6	22	1	255	1
6	22	1	311	1
6	22	1	192	1
6	22	1	205	3
6	22	1	267	1
6	22	1	274	1
6	22	1	239	1
6	22	1	247	1
6	22	1	186	1
6	22	1	198	1
7	21	0.6	294	1
7	21	0.6	218	3
7	21	0.6	211	3
7	21	0.6	236	1
7	21	0.6	245	1
7	21	0.6	307	1
7	21	0.6	238	1
7	21	0.6	230	1
7	21	0.6	205	1
7	21	0.6	247	1
7	21	0.6	296	1
7	21	0.6	216	1
7	21	0.6	270	1
7	21	0.6	252	1
7	21	0.6	205	1
7	21	0.6	290	1
7	21	0.6	186	3
7	21	0.6	173	1
7	21	0.6	245	1
7	21	0.6	259	1
7	21	0.6	221	1
7	21	0.6	185	1
7	21	0.6	210	3
7	21	0.6	231	1
7	21	0.6	240	1
7	21	0.6	222	3
7	21	0.6	273	1
7	21	0.6	234	3
7	21	0.6	237	1
7	21	0.6	207	3
7	21	0.6	253	1
7	21	0.6	214	3
7	21	0.6	199	1
7	21	0.6	255	1
7	21	0.6	220	3
7	21	0.6	252	1
7	21	0.6	241	1
7	21	0.6	247	1
7	21	0.6	219	3
7	21	0.6	190	3
7	21	0.6	209	1
7	21	0.6	199	3
7	21	0.6	247	1
7	21	0.6	247	1
7	21	0.6	219	1
7	21	0.6	199	1
7	21	0.6	274	1
7	21	0.6	215	1
7	21	0.6	209	3
7	21	0.6	245	1
7	21	0.6	218	1
7	21	0.6	220	1
7	21	0.6	207	3
7	21	0.6	179	3
7	21	0.6	222	3
7	21	0.6	245	1
7	21	0.6	181	3
7	21	0.6	196	3
7	21	0.6	232	1
7	21	0.6	255	3
7	21	0.6	192	3
7	21	0.6	234	1
7	21	0.6	205	1
7	21	0.6	258	1
7	21	0.6	229	1
7	21	0.6	275	3
7	21	0.6	259	1
7	21	0.6	301	1
7	21	0.6	197	1
7	21	0.6	240	1
7	21	0.6	233	1
7	21	0.6	244	1
7	21	0.6	303	1
7	21	0.6	218	1
7	21	0.6	218	3
7	21	0.6	301	1
7	21	0.6	346	1
7	21	0.6	249	1
7	21	0.6	205	1
7	21	0.6	181	1
7	21	0.6	163	3
7	21	0.6	209	3
7	21	0.6	225	3
7	21	0.6	253	3
7	21	0.6	241	1
7	21	0.6	255	1
7	21	0.6	229	3
7	21	0.6	284	1
7	21	0.6	236	1
7	21	0.6	221	1
7	21	0.6	182	1
7	21	0.6	212	1
7	21	0.6	195	3
7	21	0.6	237	1
7	21	0.6	242	3
7	21	0.6	243	1
7	21	0.6	252	1
7	21	0.6	244	3
7	21	0.6	247	1
7	21	0.6	347	1
7	21	0.6	262	1
7	21	0.6	254	1
7	21	0.6	219	1
7	21	0.6	229	1
7	21	0.6	309	3
7	21	0.6	205	3
7	21	0.6	287	1
7	21	0.6	317	3
7	21	0.6	271	1
7	21	0.6	261	1
7	21	0.6	281	1
7	21	0.6	304	1
7	21	0.6	241	1
7	21	0.6	205	3
7	21	0.6	224	1
7	21	0.6	223	3
7	21	0.6	223	1
7	21	0.6	221	1
7	21	0.6	240	3
7	21	0.6	225	1
7	21	1	231	1
7	21	1	192	3
7	21	1	212	3
7	21	1	192	1
7	21	1	197	3
7	21	1	194	3
7	21	1	162	1
7	21	1	201	3
7	21	1	215	3
7	21	1	185	3
7	21	1	191	3
7	21	1	152	3
7	21	1	217	1
7	21	1	228	1
7	21	1	244	1
7	21	1	264	1
7	21	1	201	1
7	21	1	199	1
7	21	1	170	3
7	21	1	186	3
7	21	1	204	1
7	21	1	153	3
7	21	1	291	1
7	21	1	233	1
7	21	1	193	1
7	21	1	203	1
7	21	1	173	3
7	21	1	159	3
7	21	1	172	3
7	21	1	188	3
7	21	1	189	3
7	21	1	183	1
7	21	1	197	3
7	21	1	226	3
7	21	1	183	1
7	21	1	236	3
7	21	1	183	3
7	21	1	216	3
7	21	1	202	1
7	21	1	235	1
7	21	1	171	3
7	21	1	204	1
7	21	1	214	1
7	21	1	198	1
7	21	1	211	1
7	21	1	202	3
7	21	1	208	3
7	21	1	229	1
7	21	1	173	3
7	21	1	210	1
7	21	1	248	3
7	21	1	193	1
7	21	1	230	1
7	21	1	328	1
7	21	1	224	1
7	21	1	233	3
7	21	1	221	1
7	21	1	188	1
7	21	1	184	3
7	21	1	222	1
7	21	1	214	1
7	21	1	201	1
7	21	1	196	3
7	21	1	229	3
7	21	1	225	1
7	21	1	202	1
7	21	1	195	3
7	21	1	192	1
7	21	1	218	3
7	21	1	218	1
7	21	1	204	1
7	21	1	208	3
7	21	1	187	1
7	21	1	183	1
7	21	1	210	3
7	21	1	194	1
7	21	1	191	3
7	21	1	200	1
7	21	1	218	1
7	21	1	241	1
7	21	1	184	1
7	21	1	219	1
7	21	1	177	1
7	21	1	190	1
7	21	1	233	1
7	21	1	212	1
7	21	1	189	1
7	21	1	191	3
7	21	1	193	3
7	21	1	199	1
7	21	1	194	1
7	21	1	191	1
7	21	1	233	1
7	21	1	225	1
7	21	1	453	1
7	21	1	225	1
7	21	1	270	1
7	21	1	226	1
7	21	1	219	1
7	21	1	174	1
7	21	1	206	1
7	21	1	231	1
7	21	1	220	1
7	21	1	216	3
7	21	1	184	3
7	21	1	187	3
7	21	1	237	1
7	21	1	218	1
7	21	1	219	1
7	21	1	242	1
7	21	1	206	1
7	21	1	192	3
7	21	1	233	3
7	21	1	219	1
7	21	1	296	1
7	21	1	235	3
7	22	0.6	259	1
7	22	0.6	238	1
7	22	0.6	217	3
7	22	0.6	260	1
7	22	0.6	234	3
7	22	0.6	208	3
7	22	0.6	206	1
7	22	0.6	256	1
7	22	0.6	250	1
7	22	0.6	336	1
7	22	0.6	267	1
7	22	0.6	214	3
7	22	0.6	202	3
7	22	0.6	242	1
7	22	0.6	313	1
7	22	0.6	165	3
7	22	0.6	240	1
7	22	0.6	218	1
7	22	0.6	191	1
7	22	0.6	230	3
7	22	0.6	272	1
7	22	0.6	207	1
7	22	0.6	213	1
7	22	0.6	229	1
7	22	0.6	195	3
7	22	0.6	240	1
7	22	0.6	250	1
7	22	0.6	229	1
7	22	0.6	224	1
7	22	0.6	191	1
7	22	0.6	226	3
7	22	0.6	210	3
7	22	0.6	241	1
7	22	0.6	226	3
7	22	0.6	215	1
7	22	0.6	300	1
7	22	0.6	197	3
7	22	0.6	171	3
7	22	0.6	193	3
7	22	0.6	233	1
7	22	0.6	208	3
7	22	0.6	219	3
7	22	0.6	178	3
7	22	0.6	172	3
7	22	0.6	264	1
7	22	0.6	245	1
7	22	0.6	212	3
7	22	0.6	224	1
7	22	0.6	397	1
7	22	0.6	193	3
7	22	0.6	212	1
7	22	0.6	221	3
7	22	0.6	255	1
7	22	0.6	339	1
7	22	0.6	227	1
7	22	0.6	214	1
7	22	0.6	289	1
7	22	0.6	210	3
7	22	0.6	202	1
7	22	0.6	186	3
7	22	0.6	226	1
7	22	0.6	194	1
7	22	0.6	327	1
7	22	0.6	197	3
7	22	0.6	228	1
7	22	0.6	205	1
7	22	0.6	205	3
7	22	0.6	194	3
7	22	0.6	205	3
7	22	0.6	205	3
7	22	0.6	194	3
7	22	0.6	215	1
7	22	0.6	265	1
7	22	0.6	195	3
7	22	0.6	225	3
7	22	0.6	276	3
7	22	0.6	283	1
7	22	0.6	226	1
7	22	0.6	236	1
7	22	0.6	208	1
7	22	0.6	191	1
7	22	0.6	305	1
7	22	0.6	292	1
7	22	0.6	279	1
7	22	0.6	239	3
7	22	0.6	175	3
7	22	0.6	228	1
7	22	0.6	228	1
7	22	0.6	191	3
7	22	0.6	207	3
7	22	0.6	245	1
7	22	0.6	225	1
7	22	0.6	230	3
7	22	0.6	206	1
7	22	0.6	254	3
7	22	0.6	214	1
7	22	0.6	232	1
7	22	0.6	188	1
7	22	0.6	230	1
7	22	0.6	207	1
7	22	0.6	204	3
7	22	0.6	195	3
7	22	0.6	288	1
7	22	0.6	207	3
7	22	0.6	176	3
7	22	0.6	287	3
7	22	0.6	195	3
7	22	0.6	200	3
7	22	0.6	216	1
7	22	0.6	225	1
7	22	0.6	209	3
7	22	0.6	226	1
7	22	0.6	225	1
7	22	0.6	227	1
7	22	0.6	220	1
7	22	0.6	279	1
7	22	0.6	198	1
7	22	0.6	183	3
7	22	0.6	247	1
7	22	0.6	219	1
7	22	0.6	220	3
7	22	0.6	222	3
7	22	1	201	1
7	22	1	202	3
7	22	1	206	3
7	22	1	229	1
7	22	1	196	1
7	22	1	193	1
7	22	1	197	1
7	22	1	227	1
7	22	1	204	1
7	22	1	188	1
7	22	1	190	3
7	22	1	422	1
7	22	1	169	3
7	22	1	199	1
7	22	1	202	1
7	22	1	224	1
7	22	1	204	1
7	22	1	221	1
7	22	1	203	1
7	22	1	177	1
7	22	1	195	3
7	22	1	157	3
7	22	1	173	1
7	22	1	217	1
7	22	1	174	1
7	22	1	187	1
7	22	1	210	1
7	22	1	179	1
7	22	1	195	1
7	22	1	203	1
7	22	1	197	1
7	22	1	204	3
7	22	1	197	1
7	22	1	173	3
7	22	1	219	1
7	22	1	174	3
7	22	1	246	1
7	22	1	200	1
7	22	1	178	1
7	22	1	177	1
7	22	1	211	1
7	22	1	227	1
7	22	1	235	1
7	22	1	209	1
7	22	1	220	1
7	22	1	204	3
7	22	1	171	3
7	22	1	186	3
7	22	1	202	3
7	22	1	196	3
7	22	1	219	3
7	22	1	162	3
7	22	1	202	3
7	22	1	259	1
7	22	1	204	3
7	22	1	207	1
7	22	1	235	1
7	22	1	180	1
7	22	1	182	1
7	22	1	196	1
7	22	1	172	1
7	22	1	194	1
7	22	1	226	1
7	22	1	216	1
7	22	1	217	1
7	22	1	184	3
7	22	1	200	3
7	22	1	171	3
7	22	1	176	3
7	22	1	214	1
7	22	1	212	1
7	22	1	209	1
7	22	1	192	3
7	22	1	215	1
7	22	1	219	1
7	22	1	269	1
7	22	1	168	1
7	22	1	165	3
7	22	1	190	3
7	22	1	218	1
7	22	1	219	1
7	22	1	218	1
7	22	1	170	3
7	22	1	228	1
7	22	1	244	3
7	22	1	182	1
7	22	1	173	1
7	22	1	199	1
7	22	1	185	1
7	22	1	192	3
7	22	1	237	1
7	22	1	187	3
7	22	1	200	3
7	22	1	160	3
7	22	1	189	3
7	22	1	211	1
7	22	1	210	1
7	22	1	171	3
7	22	1	185	1
7	22	1	181	3
7	22	1	196	3
7	22	1	209	1
7	22	1	221	1
7	22	1	148	1
7	22	1	205	3
7	22	1	210	1
7	22	1	181	3
7	22	1	183	3
7	22	1	212	1
7	22	1	218	1
7	22	1	211	1
7	22	1	156	1
8	21	0.6	330	1
8	21	0.6	285	1
8	21	0.6	336	1
8	21	0.6	264	1
8	21	0.6	226	1
8	21	0.6	284	1
8	21	0.6	277	1
8	21	0.6	261	1
8	21	0.6	230	1
8	21	0.6	255	1
8	21	0.6	234	1
8	21	0.6	267	1
8	21	0.6	276	1
8	21	0.6	232	1
8	21	0.6	308	1
8	21	0.6	231	1
8	21	0.6	218	1
8	21	0.6	249	1
8	21	0.6	233	1
8	21	0.6	257	1
8	21	0.6	260	1
8	21	0.6	223	1
8	21	0.6	254	1
8	21	0.6	273	1
8	21	0.6	205	1
8	21	0.6	227	1
8	21	0.6	302	1
8	21	0.6	268	1
8	21	0.6	311	1
8	21	0.6	199	1
8	21	0.6	287	1
8	21	0.6	269	1
8	21	0.6	251	1
8	21	0.6	240	1
8	21	0.6	252	1
8	21	0.6	197	1
8	21	0.6	213	1
8	21	0.6	221	3
8	21	0.6	248	1
8	21	0.6	197	1
8	21	0.6	261	1
8	21	0.6	296	3
8	21	0.6	181	1
8	21	0.6	245	1
8	21	0.6	262	1
8	21	0.6	242	1
8	21	0.6	245	1
8	21	0.6	232	1
8	21	0.6	272	1
8	21	0.6	226	1
8	21	0.6	214	1
8	21	0.6	181	3
8	21	0.6	284	1
8	21	0.6	229	1
8	21	0.6	239	1
8	21	0.6	245	3
8	21	0.6	226	1
8	21	0.6	191	1
8	21	0.6	229	1
8	21	0.6	219	1
8	21	0.6	235	1
8	21	0.6	263	1
8	21	0.6	186	3
8	21	0.6	218	1
8	21	0.6	291	1
8	21	0.6	228	1
8	21	0.6	217	1
8	21	0.6	202	3
8	21	0.6	225	1
8	21	0.6	230	1
8	21	0.6	200	1
8	21	0.6	211	1
8	21	0.6	262	1
8	21	0.6	271	1
8	21	0.6	194	1
8	21	0.6	222	1
8	21	0.6	239	1
8	21	0.6	222	1
8	21	0.6	246	1
8	21	0.6	220	1
8	21	0.6	257	1
8	21	0.6	315	1
8	21	0.6	225	1
8	21	0.6	185	1
8	21	0.6	241	1
8	21	0.6	434	1
8	21	0.6	309	1
8	21	0.6	219	1
8	21	0.6	214	1
8	21	0.6	230	1
8	21	0.6	207	1
8	21	0.6	252	1
8	21	0.6	231	1
8	21	0.6	266	1
8	21	0.6	237	1
8	21	0.6	258	1
8	21	1	210	1
8	21	1	203	1
8	21	1	249	1
8	21	1	246	1
8	21	1	251	1
8	21	1	288	1
8	21	1	186	3
8	21	1	176	3
8	21	1	186	3
8	21	1	263	1
8	21	1	169	1
8	21	1	226	1
8	21	1	263	1
8	21	1	200	3
8	21	1	226	1
8	21	1	268	1
8	21	1	225	1
8	21	1	174	1
8	21	1	185	3
8	21	1	246	1
8	21	1	175	1
8	21	1	160	3
8	21	1	277	1
8	21	1	186	1
8	21	1	253	1
8	21	1	186	3
8	21	1	226	1
8	21	1	197	3
8	21	1	231	1
8	21	1	257	1
8	21	1	261	1
8	21	1	139	3
8	21	1	233	1
8	21	1	305	1
8	21	1	199	3
8	21	1	241	1
8	21	1	202	1
8	21	1	186	1
8	21	1	175	3
8	21	1	224	1
8	21	1	233	1
8	21	1	231	1
8	21	1	270	1
8	21	1	223	1
8	21	1	217	1
8	21	1	173	1
8	21	1	232	1
8	21	1	187	1
8	21	1	176	1
8	21	1	195	1
8	21	1	250	1
8	21	1	134	3
8	21	1	217	1
8	21	1	209	1
8	21	1	164	3
8	21	1	228	1
8	21	1	197	1
8	21	1	198	1
8	21	1	186	1
8	21	1	306	1
8	21	1	201	1
8	21	1	256	1
8	21	1	269	1
8	21	1	235	1
8	21	1	297	1
8	21	1	229	1
8	21	1	194	1
8	21	1	181	1
8	21	1	185	3
8	21	1	185	1
8	21	1	167	1
8	21	1	185	3
8	21	1	183	1
8	21	1	172	1
8	21	1	196	1
8	21	1	218	1
8	21	1	197	3
8	21	1	210	1
8	21	1	199	3
8	21	1	226	1
8	21	1	204	1
8	21	1	226	3
8	21	1	280	1
8	21	1	246	1
8	21	1	178	1
8	21	1	188	1
8	21	1	163	1
8	21	1	199	1
8	21	1	186	3
8	21	1	212	1
8	21	1	207	1
8	21	1	214	1
8	21	1	214	1
8	21	1	170	1
8	21	1	206	1
8	21	1	265	1
8	21	1	189	1
8	21	1	188	1
8	21	1	232	1
8	21	1	198	1
8	21	1	167	1
8	21	1	240	3
8	21	1	225	1
8	21	1	191	1
8	21	1	142	1
8	21	1	187	1
8	22	0.6	286	1
8	22	0.6	247	1
8	22	0.6	228	1
8	22	0.6	310	1
8	22	0.6	249	1
8	22	0.6	232	1
8	22	0.6	269	1
8	22	0.6	272	1
8	22	0.6	266	1
8	22	0.6	206	1
8	22	0.6	310	1
8	22	0.6	279	1
8	22	0.6	225	1
8	22	0.6	260	1
8	22	0.6	209	1
8	22	0.6	184	1
8	22	0.6	216	1
8	22	0.6	191	1
8	22	0.6	200	1
8	22	0.6	202	1
8	22	0.6	198	1
8	22	0.6	230	1
8	22	0.6	196	1
8	22	0.6	220	1
8	22	0.6	208	1
8	22	0.6	205	1
8	22	0.6	205	1
8	22	0.6	207	1
8	22	0.6	259	1
8	22	0.6	220	3
8	22	0.6	356	1
8	22	0.6	209	1
8	22	0.6	223	1
8	22	0.6	274	1
8	22	0.6	243	1
8	22	0.6	224	1
8	22	0.6	219	3
8	22	0.6	263	1
8	22	0.6	223	3
8	22	0.6	268	1
8	22	0.6	233	1
8	22	0.6	250	1
8	22	0.6	290	1
8	22	0.6	217	1
8	22	0.6	242	1
8	22	0.6	212	1
8	22	0.6	208	1
8	22	0.6	240	1
8	22	0.6	231	1
8	22	0.6	192	1
8	22	0.6	203	1
8	22	0.6	245	1
8	22	0.6	224	1
8	22	0.6	192	1
8	22	0.6	235	1
8	22	0.6	181	1
8	22	0.6	253	1
8	22	0.6	257	1
8	22	0.6	237	1
8	22	0.6	198	1
8	22	0.6	215	1
8	22	0.6	253	1
8	22	0.6	247	1
8	22	0.6	237	1
8	22	0.6	205	1
8	22	0.6	199	1
8	22	0.6	212	1
8	22	0.6	231	1
8	22	0.6	193	3
8	22	0.6	247	1
8	22	0.6	214	1
8	22	0.6	202	1
8	22	0.6	189	1
8	22	0.6	269	1
8	22	0.6	256	1
8	22	0.6	219	1
8	22	0.6	207	1
8	22	0.6	247	1
8	22	0.6	192	1
8	22	0.6	220	1
8	22	0.6	191	3
8	22	0.6	248	1
8	22	0.6	225	1
8	22	0.6	229	1
8	22	0.6	242	1
8	22	0.6	210	1
8	22	0.6	270	1
8	22	0.6	228	1
8	22	0.6	279	1
8	22	0.6	198	1
8	22	0.6	180	1
8	22	0.6	196	1
8	22	0.6	198	1
8	22	0.6	239	1
8	22	0.6	213	1
8	22	0.6	209	1
8	22	0.6	249	1
8	22	0.6	226	1
8	22	0.6	203	1
8	22	0.6	231	1
8	22	0.6	278	1
8	22	0.6	300	1
8	22	0.6	266	1
8	22	0.6	300	1
8	22	0.6	232	1
8	22	0.6	247	1
8	22	1	209	1
8	22	1	205	1
8	22	1	216	1
8	22	1	172	3
8	22	1	161	3
8	22	1	241	1
8	22	1	270	1
8	22	1	247	1
8	22	1	188	1
8	22	1	161	1
8	22	1	160	3
8	22	1	250	1
8	22	1	249	1
8	22	1	379	3
8	22	1	261	1
8	22	1	215	1
8	22	1	247	1
8	22	1	240	1
8	22	1	246	1
8	22	1	247	1
8	22	1	190	1
8	22	1	245	1
8	22	1	217	1
8	22	1	177	1
8	22	1	230	1
8	22	1	207	1
8	22	1	157	3
8	22	1	156	1
8	22	1	199	1
8	22	1	182	3
8	22	1	171	1
8	22	1	177	3
8	22	1	169	3
8	22	1	215	1
8	22	1	209	1
8	22	1	221	1
8	22	1	207	1
8	22	1	173	1
8	22	1	224	1
8	22	1	198	1
8	22	1	194	1
8	22	1	170	3
8	22	1	183	3
8	22	1	219	1
8	22	1	226	1
8	22	1	190	1
8	22	1	205	1
8	22	1	195	1
8	22	1	223	1
8	22	1	179	1
8	22	1	162	1
8	22	1	211	1
8	22	1	198	1
8	22	1	162	1
8	22	1	224	1
8	22	1	183	1
8	22	1	177	1
8	22	1	199	1
8	22	1	193	3
8	22	1	194	1
8	22	1	225	1
8	22	1	221	1
8	22	1	249	1
8	22	1	255	1
8	22	1	191	1
8	22	1	219	1
8	22	1	212	3
8	22	1	215	1
8	22	1	194	1
8	22	1	216	1
8	22	1	171	1
8	22	1	140	1
8	22	1	190	1
8	22	1	224	1
8	22	1	204	1
8	22	1	211	1
8	22	1	173	1
8	22	1	201	1
8	22	1	171	3
8	22	1	149	1
8	22	1	210	1
8	22	1	170	1
8	22	1	183	3
8	22	1	166	3
8	22	1	208	1
8	22	1	170	1
8	22	1	268	1
8	22	1	234	1
8	22	1	210	1
8	22	1	195	1
8	22	1	176	1
8	22	1	156	3
8	22	1	187	1
8	22	1	223	1
8	22	1	228	1
8	22	1	203	1
8	22	1	226	1
9	21	0.6	544	1
9	21	0.6	396	1
9	21	0.6	423	1
9	21	0.6	480	1
9	21	0.6	350	1
9	21	0.6	395	1
9	21	0.6	280	1
9	21	0.6	485	1
9	21	0.6	374	1
9	21	0.6	258	1
9	21	0.6	298	1
9	21	0.6	290	1
9	21	0.6	226	1
9	21	0.6	342	1
9	21	0.6	330	1
9	21	0.6	398	1
9	21	0.6	299	1
9	21	0.6	219	1
9	21	0.6	265	1
9	21	0.6	222	1
9	21	0.6	199	3
9	21	0.6	347	1
9	21	0.6	266	1
9	21	0.6	220	1
9	21	0.6	261	1
9	21	0.6	385	1
9	21	0.6	380	1
9	21	0.6	325	1
9	21	0.6	317	1
9	21	0.6	268	1
9	21	0.6	306	1
9	21	0.6	275	3
9	21	0.6	259	1
9	21	0.6	237	1
9	21	0.6	327	1
9	21	0.6	268	1
9	21	0.6	276	1
9	21	0.6	264	1
9	21	0.6	232	1
9	21	0.6	220	1
9	21	0.6	209	1
9	21	0.6	239	1
9	21	0.6	258	1
9	21	0.6	198	3
9	21	0.6	222	1
9	21	0.6	368	1
9	21	0.6	310	1
9	21	0.6	276	1
9	21	0.6	286	1
9	21	0.6	307	1
9	21	0.6	227	1
9	21	0.6	218	1
9	21	0.6	223	1
9	21	0.6	327	1
9	21	0.6	301	1
9	21	0.6	300	1
9	21	0.6	237	1
9	21	0.6	270	1
9	21	0.6	246	1
9	21	0.6	249	1
9	21	0.6	230	1
9	21	0.6	217	1
9	21	0.6	249	1
9	21	0.6	273	1
9	21	0.6	270	1
9	21	0.6	277	1
9	21	0.6	301	1
9	21	0.6	253	1
9	21	0.6	375	1
9	21	0.6	221	1
9	21	0.6	226	1
9	21	0.6	259	1
9	21	0.6	222	1
9	21	0.6	255	1
9	21	0.6	225	1
9	21	0.6	270	1
9	21	0.6	204	1
9	21	0.6	210	1
9	21	0.6	273	1
9	21	0.6	225	3
9	21	0.6	373	1
9	21	0.6	207	1
9	21	0.6	268	1
9	21	0.6	223	1
9	21	0.6	225	1
9	21	0.6	234	1
9	21	0.6	257	1
9	21	0.6	193	1
9	21	0.6	261	1
9	21	0.6	267	1
9	21	0.6	284	1
9	21	0.6	209	1
9	21	0.6	209	3
9	21	0.6	228	1
9	21	0.6	248	1
9	21	0.6	230	1
9	21	0.6	213	1
9	21	0.6	239	1
9	21	0.6	233	1
9	21	0.6	268	1
9	21	0.6	327	1
9	21	0.6	265	1
9	21	0.6	219	1
9	21	0.6	370	1
9	21	0.6	365	1
9	21	0.6	330	1
9	21	0.6	256	1
9	21	0.6	388	1
9	21	0.6	268	1
9	21	0.6	227	1
9	21	0.6	284	1
9	21	0.6	242	1
9	21	0.6	198	1
9	21	0.6	236	1
9	21	0.6	223	1
9	21	0.6	333	1
9	21	0.6	204	1
9	21	0.6	245	1
9	21	0.6	187	1
9	21	0.6	164	1
9	21	1	206	3
9	21	1	316	1
9	21	1	227	1
9	21	1	481	1
9	21	1	306	1
9	21	1	261	1
9	21	1	488	1
9	21	1	297	1
9	21	1	243	1
9	21	1	337	1
9	21	1	295	1
9	21	1	333	1
9	21	1	335	1
9	21	1	291	1
9	21	1	294	1
9	21	1	345	1
9	21	1	349	1
9	21	1	367	1
9	21	1	239	1
9	21	1	287	1
9	21	1	356	1
9	21	1	557	1
9	21	1	308	1
9	21	1	321	1
9	21	1	234	1
9	21	1	252	1
9	21	1	218	1
9	21	1	230	1
9	21	1	332	1
9	21	1	333	1
9	21	1	299	1
9	21	1	252	1
9	21	1	296	1
9	21	1	379	1
9	21	1	247	3
9	21	1	204	1
9	21	1	215	1
9	21	1	222	1
9	21	1	235	1
9	21	1	226	1
9	21	1	210	1
9	21	1	239	1
9	21	1	231	1
9	21	1	261	1
9	21	1	378	1
9	21	1	218	1
9	21	1	222	1
9	21	1	216	1
9	21	1	198	3
9	21	1	190	3
9	21	1	264	1
9	21	1	227	1
9	21	1	191	1
9	21	1	262	1
9	21	1	218	1
9	21	1	229	1
9	21	1	249	1
9	21	1	218	1
9	21	1	194	1
9	21	1	229	1
9	21	1	303	1
9	21	1	184	1
9	21	1	379	1
9	21	1	286	1
9	21	1	199	1
9	21	1	211	1
9	21	1	199	1
9	21	1	185	3
9	21	1	186	1
9	21	1	229	3
9	21	1	203	1
9	21	1	186	1
9	21	1	172	1
9	21	1	196	1
9	21	1	204	1
9	21	1	199	1
9	21	1	205	1
9	21	1	244	1
9	21	1	175	1
9	21	1	197	1
9	21	1	203	1
9	21	1	212	1
9	21	1	249	1
9	21	1	191	3
9	21	1	173	3
9	21	1	216	1
9	21	1	189	1
9	21	1	177	1
9	21	1	290	1
9	21	1	186	1
9	21	1	243	1
9	21	1	220	1
9	21	1	230	1
9	21	1	194	1
9	21	1	185	1
9	21	1	201	1
9	21	1	211	1
9	21	1	185	1
9	21	1	170	3
9	21	1	181	1
9	21	1	213	1
9	21	1	272	1
9	21	1	183	1
9	21	1	202	1
9	21	1	196	1
9	21	1	200	1
9	21	1	214	1
9	21	1	172	1
9	21	1	188	1
9	21	1	207	1
9	21	1	174	3
9	21	1	187	1
9	21	1	185	1
9	21	1	193	3
9	21	1	216	1
9	21	1	216	1
9	21	1	227	1
9	21	1	207	1
9	21	1	209	1
9	21	1	201	1
9	21	1	370	1
9	21	1	188	1
9	21	1	195	1
9	21	1	221	1
9	22	0.6	253	3
9	22	0.6	262	1
9	22	0.6	264	1
9	22	0.6	276	1
9	22	0.6	397	1
9	22	0.6	455	1
9	22	0.6	267	1
9	22	0.6	259	1
9	22	0.6	316	1
9	22	0.6	286	1
9	22	0.6	288	1
9	22	0.6	273	1
9	22	0.6	378	1
9	22	0.6	378	1
9	22	0.6	377	1
9	22	0.6	315	1
9	22	0.6	373	1
9	22	0.6	336	1
9	22	0.6	250	1
9	22	0.6	270	1
9	22	0.6	232	1
9	22	0.6	307	1
9	22	0.6	254	1
9	22	0.6	241	1
9	22	0.6	315	1
9	22	0.6	210	1
9	22	0.6	219	3
9	22	0.6	277	1
9	22	0.6	267	1
9	22	0.6	238	1
9	22	0.6	298	1
9	22	0.6	308	1
9	22	0.6	380	1
9	22	0.6	241	1
9	22	0.6	417	1
9	22	0.6	258	1
9	22	0.6	300	1
9	22	0.6	234	3
9	22	0.6	278	1
9	22	0.6	286	1
9	22	0.6	185	3
9	22	0.6	199	1
9	22	0.6	222	1
9	22	0.6	222	1
9	22	0.6	246	1
9	22	0.6	208	1
9	22	0.6	204	1
9	22	0.6	216	1
9	22	0.6	257	3
9	22	0.6	282	1
9	22	0.6	209	3
9	22	0.6	197	1
9	22	0.6	234	1
9	22	0.6	215	1
9	22	0.6	209	1
9	22	0.6	308	1
9	22	0.6	229	1
9	22	0.6	204	1
9	22	0.6	202	1
9	22	0.6	205	1
9	22	0.6	215	1
9	22	0.6	233	1
9	22	0.6	267	1
9	22	0.6	190	1
9	22	0.6	192	1
9	22	0.6	181	1
9	22	0.6	252	1
9	22	0.6	210	1
9	22	0.6	224	1
9	22	0.6	249	1
9	22	0.6	265	1
9	22	0.6	236	1
9	22	0.6	219	1
9	22	0.6	229	3
9	22	0.6	217	3
9	22	0.6	375	1
9	22	0.6	258	1
9	22	0.6	220	3
9	22	0.6	248	1
9	22	0.6	203	1
9	22	0.6	217	1
9	22	0.6	188	3
9	22	0.6	220	1
9	22	0.6	239	1
9	22	0.6	321	1
9	22	0.6	252	1
9	22	0.6	220	1
9	22	0.6	176	3
9	22	0.6	282	1
9	22	0.6	282	1
9	22	0.6	198	1
9	22	0.6	328	1
9	22	0.6	255	1
9	22	0.6	190	1
9	22	0.6	158	1
9	22	0.6	233	1
9	22	0.6	199	3
9	22	0.6	157	3
9	22	0.6	244	1
9	22	0.6	197	1
9	22	0.6	208	1
9	22	0.6	216	1
9	22	0.6	218	1
9	22	0.6	187	3
9	22	0.6	278	1
9	22	0.6	249	1
9	22	0.6	204	1
9	22	0.6	235	1
9	22	0.6	225	1
9	22	0.6	201	1
9	22	0.6	230	3
9	22	0.6	203	1
9	22	0.6	217	1
9	22	0.6	239	3
9	22	0.6	222	1
9	22	0.6	228	1
9	22	0.6	242	1
9	22	0.6	193	1
9	22	0.6	254	1
9	22	0.6	193	1
9	22	0.6	175	3
9	22	0.6	187	1
9	22	0.6	218	3
9	22	0.6	266	3
9	22	0.6	203	1
9	22	1	340	1
9	22	1	174	3
9	22	1	285	1
9	22	1	180	3
9	22	1	288	1
9	22	1	202	1
9	22	1	238	1
9	22	1	248	1
9	22	1	221	1
9	22	1	281	1
9	22	1	362	1
9	22	1	243	1
9	22	1	235	1
9	22	1	225	1
9	22	1	206	1
9	22	1	193	1
9	22	1	234	1
9	22	1	261	1
9	22	1	205	1
9	22	1	212	1
9	22	1	180	3
9	22	1	264	1
9	22	1	193	1
9	22	1	200	1
9	22	1	193	1
9	22	1	224	1
9	22	1	265	1
9	22	1	233	3
9	22	1	273	1
9	22	1	187	3
9	22	1	217	1
9	22	1	206	1
9	22	1	194	1
9	22	1	226	1
9	22	1	241	1
9	22	1	218	1
9	22	1	257	1
9	22	1	225	1
9	22	1	170	3
9	22	1	194	1
9	22	1	215	1
9	22	1	184	1
9	22	1	185	1
9	22	1	202	1
9	22	1	213	1
9	22	1	201	1
9	22	1	208	1
9	22	1	191	1
9	22	1	219	1
9	22	1	221	1
9	22	1	297	1
9	22	1	193	1
9	22	1	190	1
9	22	1	194	1
9	22	1	258	1
9	22	1	183	3
9	22	1	199	1
9	22	1	194	1
9	22	1	216	1
9	22	1	170	1
9	22	1	173	1
9	22	1	165	1
9	22	1	280	1
9	22	1	195	1
9	22	1	201	1
9	22	1	429	1
9	22	1	272	1
9	22	1	200	1
9	22	1	154	3
9	22	1	197	1
9	22	1	158	3
9	22	1	211	1
9	22	1	172	1
9	22	1	158	1
9	22	1	215	1
9	22	1	254	1
9	22	1	218	1
9	22	1	185	1
9	22	1	210	1
9	22	1	158	3
9	22	1	184	1
9	22	1	163	1
9	22	1	193	1
9	22	1	255	1
9	22	1	196	1
9	22	1	233	1
9	22	1	160	3
9	22	1	174	3
9	22	1	193	1
9	22	1	161	3
9	22	1	189	1
9	22	1	185	1
9	22	1	208	1
9	22	1	185	1
9	22	1	199	1
9	22	1	191	1
9	22	1	205	1
9	22	1	195	1
9	22	1	180	3
9	22	1	203	1
9	22	1	287	1
9	22	1	191	1
9	22	1	185	1
9	22	1	230	1
9	22	1	216	1
9	22	1	191	1
9	22	1	180	3
9	22	1	167	1
9	22	1	185	1
9	22	1	208	1
9	22	1	181	1
9	22	1	204	1
9	22	1	171	1
9	22	1	175	3
9	22	1	197	1
9	22	1	163	1
9	22	1	222	3
9	22	1	225	1
9	22	1	199	1
9	22	1	223	1
9	22	1	188	1
9	22	1	153	3
9	22	1	170	3
9	22	1	200	1
9	22	1	195	1
9	22	1	198	1
9	22	1	181	1
10	21	0.6	400	1
10	21	0.6	399	3
10	21	0.6	344	1
10	21	0.6	290	1
10	21	0.6	324	1
10	21	0.6	362	1
10	21	0.6	327	1
10	21	0.6	261	1
10	21	0.6	280	1
10	21	0.6	245	3
10	21	0.6	304	1
10	21	0.6	217	1
10	21	0.6	338	1
10	21	0.6	278	1
10	21	0.6	398	1
10	21	0.6	504	1
10	21	0.6	272	1
10	21	0.6	277	1
10	21	0.6	513	1
10	21	0.6	216	3
10	21	0.6	375	1
10	21	0.6	376	1
10	21	0.6	215	1
10	21	0.6	313	1
10	21	0.6	272	1
10	21	0.6	234	3
10	21	0.6	434	1
10	21	0.6	464	1
10	21	0.6	302	1
10	21	0.6	287	1
10	21	0.6	269	1
10	21	0.6	199	3
10	21	0.6	306	1
10	21	0.6	229	1
10	21	0.6	398	1
10	21	0.6	245	1
10	21	0.6	408	1
10	21	0.6	231	1
10	21	0.6	289	1
10	21	0.6	219	3
10	21	0.6	486	1
10	21	0.6	212	1
10	21	0.6	256	1
10	21	0.6	237	1
10	21	0.6	321	1
10	21	0.6	220	1
10	21	0.6	235	3
10	21	0.6	259	1
10	21	0.6	258	1
10	21	0.6	303	1
10	21	0.6	266	3
10	21	0.6	201	1
10	21	0.6	190	3
10	21	0.6	287	1
10	21	0.6	208	1
10	21	0.6	268	1
10	21	0.6	240	1
10	21	0.6	272	1
10	21	0.6	305	1
10	21	0.6	281	1
10	21	0.6	301	1
10	21	0.6	220	1
10	21	0.6	218	1
10	21	0.6	266	1
10	21	0.6	364	1
10	21	0.6	259	1
10	21	0.6	295	1
10	21	0.6	343	1
10	21	0.6	251	1
10	21	0.6	227	1
10	21	0.6	270	1
10	21	0.6	253	1
10	21	0.6	259	1
10	21	0.6	295	1
10	21	0.6	304	3
10	21	0.6	275	1
10	21	0.6	216	3
10	21	0.6	246	1
10	21	0.6	433	1
10	21	0.6	281	1
10	21	0.6	318	1
10	21	0.6	238	1
10	21	0.6	353	1
10	21	0.6	317	1
10	21	0.6	389	1
10	21	0.6	251	1
10	21	0.6	286	1
10	21	0.6	377	1
10	21	0.6	266	1
10	21	0.6	444	1
10	21	0.6	312	1
10	21	0.6	299	1
10	21	0.6	359	1
10	21	0.6	253	3
10	21	0.6	458	1
10	21	0.6	254	1
10	21	0.6	384	1
10	21	0.6	251	3
10	21	0.6	316	1
10	21	0.6	371	1
10	21	0.6	241	1
10	21	0.6	238	1
10	21	0.6	356	1
10	21	0.6	300	1
10	21	0.6	206	1
10	21	0.6	304	1
10	21	0.6	391	1
10	21	0.6	386	1
10	21	0.6	288	1
10	21	0.6	384	1
10	21	0.6	334	1
10	21	0.6	319	1
10	21	0.6	351	1
10	21	0.6	235	1
10	21	0.6	319	1
10	21	0.6	264	1
10	21	0.6	220	1
10	21	0.6	257	1
10	21	0.6	405	1
10	21	0.6	357	1
10	21	0.6	318	1
10	21	0.6	242	1
10	21	0.6	235	3
10	21	0.6	259	1
10	21	1	235	3
10	21	1	344	1
10	21	1	196	3
10	21	1	370	1
10	21	1	311	1
10	21	1	244	3
10	21	1	260	3
10	21	1	301	3
10	21	1	181	3
10	21	1	330	1
10	21	1	276	1
10	21	1	201	1
10	21	1	519	1
10	21	1	239	1
10	21	1	200	3
10	21	1	234	1
10	21	1	193	3
10	21	1	204	3
10	21	1	263	1
10	21	1	312	1
10	21	1	433	1
10	21	1	219	1
10	21	1	193	1
10	21	1	201	3
10	21	1	206	1
10	21	1	233	1
10	21	1	253	1
10	21	1	196	1
10	21	1	219	1
10	21	1	227	3
10	21	1	255	1
10	21	1	221	1
10	21	1	232	1
10	21	1	250	1
10	21	1	191	3
10	21	1	220	1
10	21	1	252	1
10	21	1	224	1
10	21	1	244	1
10	21	1	236	1
10	21	1	276	1
10	21	1	231	1
10	21	1	335	1
10	21	1	288	1
10	21	1	342	1
10	21	1	209	3
10	21	1	198	1
10	21	1	325	1
10	21	1	392	1
10	21	1	207	3
10	21	1	305	1
10	21	1	216	1
10	21	1	222	1
10	21	1	280	1
10	21	1	299	1
10	21	1	229	1
10	21	1	229	1
10	21	1	217	1
10	21	1	203	3
10	21	1	280	1
10	21	1	247	1
10	21	1	227	1
10	21	1	216	1
10	21	1	277	1
10	21	1	257	1
10	21	1	283	1
10	21	1	207	1
10	21	1	195	3
10	21	1	230	3
10	21	1	278	1
10	21	1	231	1
10	21	1	226	1
10	21	1	200	1
10	21	1	274	1
10	21	1	188	1
10	21	1	199	1
10	21	1	266	1
10	21	1	253	1
10	21	1	441	1
10	21	1	198	3
10	21	1	192	3
10	21	1	228	1
10	21	1	220	1
10	21	1	305	1
10	21	1	242	1
10	21	1	280	1
10	21	1	380	1
10	21	1	216	1
10	21	1	227	1
10	21	1	214	1
10	21	1	276	1
10	21	1	414	1
10	21	1	226	1
10	21	1	252	1
10	21	1	275	1
10	21	1	344	1
10	21	1	264	1
10	21	1	231	1
10	21	1	277	1
10	21	1	257	1
10	21	1	278	1
10	21	1	213	1
10	21	1	419	1
10	21	1	188	1
10	21	1	256	1
10	21	1	229	1
10	21	1	260	1
10	21	1	349	1
10	21	1	249	1
10	21	1	271	1
10	21	1	292	1
10	21	1	237	1
10	21	1	219	1
10	21	1	218	1
10	21	1	251	1
10	21	1	281	1
10	21	1	246	1
10	21	1	281	1
10	22	0.6	291	1
10	22	0.6	311	1
10	22	0.6	361	1
10	22	0.6	428	1
10	22	0.6	336	1
10	22	0.6	190	1
10	22	0.6	176	3
10	22	0.6	233	1
10	22	0.6	197	1
10	22	0.6	270	1
10	22	0.6	248	1
10	22	0.6	205	1
10	22	0.6	405	1
10	22	0.6	194	1
10	22	0.6	285	1
10	22	0.6	221	3
10	22	0.6	231	3
10	22	0.6	233	1
10	22	0.6	239	1
10	22	0.6	222	1
10	22	0.6	182	3
10	22	0.6	279	1
10	22	0.6	208	3
10	22	0.6	191	3
10	22	0.6	209	3
10	22	0.6	315	1
10	22	0.6	287	3
10	22	0.6	229	1
10	22	0.6	563	1
10	22	0.6	241	1
10	22	0.6	289	1
10	22	0.6	315	1
10	22	0.6	182	3
10	22	0.6	226	1
10	22	0.6	186	3
10	22	0.6	225	1
10	22	0.6	330	1
10	22	0.6	442	1
10	22	0.6	277	1
10	22	0.6	198	1
10	22	0.6	225	3
10	22	0.6	231	1
10	22	0.6	394	1
10	22	0.6	177	3
10	22	0.6	240	1
10	22	0.6	202	1
10	22	0.6	235	1
10	22	0.6	277	1
10	22	0.6	321	1
10	22	0.6	249	1
10	22	0.6	301	1
10	22	0.6	268	1
10	22	0.6	197	1
10	22	0.6	233	3
10	22	0.6	243	1
10	22	0.6	307	1
10	22	0.6	235	1
10	22	0.6	293	1
10	22	0.6	324	1
10	22	0.6	215	1
10	22	0.6	196	3
10	22	0.6	209	1
10	22	0.6	201	1
10	22	0.6	219	1
10	22	0.6	427	1
10	22	0.6	206	3
10	22	0.6	210	1
10	22	0.6	437	1
10	22	0.6	301	1
10	22	0.6	246	1
10	22	0.6	239	1
10	22	0.6	475	1
10	22	0.6	257	1
10	22	0.6	184	3
10	22	0.6	202	1
10	22	0.6	215	3
10	22	0.6	212	3
10	22	0.6	243	1
10	22	0.6	274	1
10	22	0.6	190	3
10	22	0.6	288	1
10	22	0.6	268	1
10	22	0.6	250	1
10	22	0.6	188	3
10	22	0.6	203	3
10	22	0.6	355	1
10	22	0.6	225	1
10	22	0.6	208	1
10	22	0.6	215	1
10	22	0.6	209	3
10	22	0.6	196	3
10	22	0.6	275	1
10	22	0.6	216	1
10	22	0.6	195	1
10	22	0.6	240	1
10	22	0.6	210	3
10	22	0.6	356	1
10	22	0.6	471	1
10	22	0.6	308	1
10	22	0.6	238	1
10	22	0.6	241	3
10	22	0.6	208	3
10	22	0.6	301	1
10	22	0.6	268	1
10	22	0.6	272	1
10	22	0.6	266	1
10	22	0.6	284	1
10	22	0.6	207	1
10	22	0.6	261	1
10	22	0.6	250	1
10	22	0.6	206	3
10	22	0.6	235	1
10	22	0.6	284	1
10	22	0.6	227	1
10	22	0.6	245	1
10	22	1	410	1
10	22	1	248	3
10	22	1	199	1
10	22	1	199	1
10	22	1	199	3
10	22	1	182	1
10	22	1	196	1
10	22	1	200	3
10	22	1	232	1
10	22	1	192	3
10	22	1	212	1
10	22	1	192	1
10	22	1	182	3
10	22	1	209	1
10	22	1	203	3
10	22	1	204	3
10	22	1	202	1
10	22	1	219	1
10	22	1	198	3
10	22	1	200	3
10	22	1	207	3
10	22	1	179	1
10	22	1	194	1
10	22	1	214	1
10	22	1	216	3
10	22	1	175	3
10	22	1	219	3
10	22	1	314	1
10	22	1	204	1
10	22	1	333	1
10	22	1	392	1
10	22	1	214	1
10	22	1	248	1
10	22	1	213	1
10	22	1	219	3
10	22	1	253	1
10	22	1	259	1
10	22	1	194	1
10	22	1	266	1
10	22	1	194	1
10	22	1	288	1
10	22	1	205	1
10	22	1	289	1
10	22	1	258	1
10	22	1	205	1
10	22	1	230	1
10	22	1	225	1
10	22	1	221	3
10	22	1	184	3
10	22	1	193	3
10	22	1	238	1
10	22	1	195	3
10	22	1	316	1
10	22	1	234	3
10	22	1	249	1
10	22	1	239	3
10	22	1	206	1
10	22	1	192	1
10	22	1	264	1
10	22	1	224	1
10	22	1	194	1
10	22	1	219	1
10	22	1	184	3
10	22	1	250	1
10	22	1	207	1
10	22	1	199	3
10	22	1	205	3
10	22	1	184	3
10	22	1	218	1
10	22	1	227	1
10	22	1	391	1
10	22	1	250	1
10	22	1	203	1
10	22	1	222	1
10	22	1	249	1
10	22	1	228	1
10	22	1	187	1
10	22	1	192	1
10	22	1	219	1
10	22	1	211	1
10	22	1	213	3
10	22	1	218	1
10	22	1	195	3
10	22	1	187	1
10	22	1	236	1
10	22	1	307	1
10	22	1	228	1
10	22	1	202	1
10	22	1	237	1
10	22	1	203	1
10	22	1	207	1
10	22	1	373	1
10	22	1	179	1
10	22	1	233	1
10	22	1	483	1
10	22	1	299	1
10	22	1	400	1
10	22	1	353	1
10	22	1	268	3
10	22	1	243	1
10	22	1	186	1
10	22	1	241	1
10	22	1	181	3
10	22	1	195	3
10	22	1	350	1
10	22	1	213	1
10	22	1	178	3
10	22	1	268	1
10	22	1	194	1
10	22	1	233	1
10	22	1	237	1
10	22	1	204	3
10	22	1	283	1
10	22	1	251	1
10	22	1	200	1
10	22	1	217	1
10	22	1	201	1
